22 20 6 9 
22 20 6 10 
22 20 6 11 
22 20 6 12 
22 20 6 13 
22 20 5 13 
22 20 5 14 
22 20 5 15 
22 20 5 16 
22 20 5 17 
22 20 5 18 
22 20 4 18 
22 20 4 19 
22 20 5 19 
22 20 5 18 
22 20 6 18 
22 20 7 18 
22 20 8 18 
22 20 8 17 
22 20 7 17 
22 20 6 17 

22 18 10 14 
22 18 9 14 
22 18 9 13 
22 18 10 13 
22 18 11 13 
22 18 12 13 
22 18 12 12 
22 18 13 12 
22 18 13 13 
22 18 14 13 
22 18 15 13 
22 18 15 12 
22 18 16 12 
22 18 16 13 
22 18 17 13 
22 18 17 12 
22 18 18 12 
22 18 18 11 
22 18 19 11 
22 18 19 10 
22 18 18 10 

23 10 23 7 
23 10 23 6 
23 10 23 5 
23 10 22 5 
23 10 22 6 
23 10 22 7 
23 10 23 7 
23 10 23 8 
23 10 23 9 
23 10 22 9 
23 10 21 9 
23 10 21 10 
23 10 20 10 
23 10 20 11 
23 10 19 11 
23 10 18 11 
23 10 18 10 
23 10 17 10 
23 10 17 11 
23 10 16 11 
23 10 16 10 

2 15 7 15 
2 15 8 15 
2 15 9 15 
2 15 9 16 
2 15 10 16 
2 15 10 17 
2 15 9 17 
2 15 9 16 
2 15 10 16 
2 15 10 17 
2 15 10 18 
2 15 10 19 
2 15 11 19 
2 15 11 18 
2 15 10 18 
2 15 10 17 
2 15 11 17 
2 15 11 18 
2 15 12 18 
2 15 12 17 
2 15 12 16 

17 20 2 4 
17 20 3 4 
17 20 4 4 
17 20 5 4 
17 20 5 5 
17 20 4 5 
17 20 4 4 
17 20 4 3 
17 20 4 2 
17 20 3 2 
17 20 3 1 
17 20 4 1 
17 20 4 2 
17 20 4 3 
17 20 4 4 
17 20 3 4 
17 20 3 3 
17 20 4 3 
17 20 4 4 
17 20 4 5 
17 20 3 5 

4 18 10 5 
4 18 10 6 
4 18 11 6 
4 18 12 6 
4 18 13 6 
4 18 13 7 
4 18 13 8 
4 18 12 8 
4 18 12 9 
4 18 12 10 
4 18 13 10 
4 18 14 10 
4 18 14 9 
4 18 14 8 
4 18 13 8 
4 18 13 9 
4 18 14 9 
4 18 14 8 
4 18 15 8 
4 18 15 9 
4 18 14 9 

8 14 9 7 
8 14 10 7 
8 14 10 6 
8 14 10 5 
8 14 9 5 
8 14 9 4 
8 14 9 3 
8 14 9 2 
8 14 9 1 
8 14 8 1 
8 14 8 2 
8 14 8 3 
8 14 7 3 
8 14 6 3 
8 14 5 3 
8 14 5 2 
8 14 6 2 
8 14 6 1 
8 14 7 1 
8 14 7 2 
8 14 7 3 

22 20 16 19 
22 20 16 20 
22 20 16 21 
22 20 16 22 
22 20 15 22 
22 20 14 22 
22 20 13 22 
22 20 13 21 
22 20 12 21 
22 20 11 21 
22 20 11 20 
22 20 11 19 
22 20 10 19 
22 20 10 18 
22 20 10 17 
22 20 11 17 
22 20 11 16 
22 20 10 16 
22 20 9 16 
22 20 9 17 
22 20 10 17 

16 2 7 20 
16 2 6 20 
16 2 6 21 
16 2 7 21 
16 2 7 20 
16 2 8 20 
16 2 8 21 
16 2 9 21 
16 2 9 22 
16 2 10 22 
16 2 10 21 
16 2 11 21 
16 2 12 21 
16 2 12 20 
16 2 13 20 
16 2 13 19 
16 2 14 19 
16 2 15 19 
16 2 16 19 
16 2 16 20 
16 2 15 20 

8 3 3 9 
8 3 4 9 
8 3 4 10 
8 3 4 11 
8 3 4 12 
8 3 4 13 
8 3 3 13 
8 3 3 12 
8 3 2 12 
8 3 2 13 
8 3 2 14 
8 3 3 14 
8 3 3 13 
8 3 4 13 
8 3 5 13 
8 3 6 13 
8 3 7 13 
8 3 7 12 
8 3 7 11 
8 3 7 10 
8 3 7 9 

17 9 13 5 
17 9 13 4 
17 9 14 4 
17 9 15 4 
17 9 16 4 
17 9 16 5 
17 9 17 5 
17 9 17 6 
17 9 18 6 
17 9 18 5 
17 9 18 4 
17 9 19 4 
17 9 19 5 
17 9 18 5 
17 9 18 4 
17 9 18 3 
17 9 18 2 
17 9 17 2 
17 9 16 2 
17 9 16 3 
17 9 15 3 

16 14 19 19 
16 14 18 19 
16 14 17 19 
16 14 17 20 
16 14 16 20 
16 14 15 20 
16 14 15 21 
16 14 15 22 
16 14 14 22 
16 14 14 21 
16 14 14 20 
16 14 15 20 
16 14 15 19 
16 14 15 18 
16 14 15 17 
16 14 14 17 
16 14 13 17 
16 14 13 16 
16 14 13 15 
16 14 12 15 
16 14 11 15 

13 19 23 19 
13 19 23 20 
13 19 22 20 
13 19 22 19 
13 19 23 19 
13 19 23 18 
13 19 22 18 
13 19 22 19 
13 19 23 19 
13 19 23 18 
13 19 23 17 
13 19 22 17 
13 19 22 18 
13 19 22 19 
13 19 23 19 
13 19 23 20 
13 19 22 20 
13 19 22 21 
13 19 21 21 
13 19 20 21 
13 19 20 22 

1 1 22 22 
1 1 21 22 
1 1 20 22 
1 1 20 21 
1 1 21 21 
1 1 22 21 
1 1 22 22 
1 1 23 22 
1 1 23 21 
1 1 23 20 
1 1 23 19 
1 1 23 18 
1 1 23 17 
1 1 22 17 
1 1 21 17 
1 1 21 18 
1 1 22 18 
1 1 22 17 
1 1 23 17 
1 1 23 16 
1 1 22 16 

16 20 11 2 
16 20 11 3 
16 20 11 4 
16 20 10 4 
16 20 10 3 
16 20 10 2 
16 20 11 2 
16 20 11 1 
16 20 10 1 
16 20 9 1 
16 20 9 2 
16 20 8 2 
16 20 7 2 
16 20 6 2 
16 20 5 2 
16 20 4 2 
16 20 4 3 
16 20 3 3 
16 20 2 3 
16 20 2 2 
16 20 3 2 

13 6 22 1 
13 6 22 2 
13 6 22 3 
13 6 21 3 
13 6 21 2 
13 6 21 1 
13 6 20 1 
13 6 20 2 
13 6 21 2 
13 6 21 3 
13 6 20 3 
13 6 20 2 
13 6 19 2 
13 6 18 2 
13 6 18 1 
13 6 17 1 
13 6 17 2 
13 6 18 2 
13 6 18 3 
13 6 19 3 
13 6 20 3 

1 19 4 17 
1 19 4 18 
1 19 5 18 
1 19 6 18 
1 19 6 17 
1 19 7 17 
1 19 8 17 
1 19 9 17 
1 19 10 17 
1 19 11 17 
1 19 11 16 
1 19 12 16 
1 19 13 16 
1 19 14 16 
1 19 15 16 
1 19 15 17 
1 19 15 18 
1 19 16 18 
1 19 16 17 
1 19 16 16 
1 19 16 15 

14 14 21 12 
14 14 22 12 
14 14 22 13 
14 14 23 13 
14 14 23 12 
14 14 22 12 
14 14 22 13 
14 14 23 13 
14 14 23 14 
14 14 22 14 
14 14 22 15 
14 14 22 16 
14 14 23 16 
14 14 23 17 
14 14 22 17 
14 14 21 17 
14 14 21 16 
14 14 22 16 
14 14 22 17 
14 14 21 17 
14 14 20 17 

15 17 6 5 
15 17 5 5 
15 17 5 6 
15 17 5 7 
15 17 6 7 
15 17 6 6 
15 17 6 5 
15 17 6 4 
15 17 7 4 
15 17 8 4 
15 17 8 5 
15 17 9 5 
15 17 10 5 
15 17 10 4 
15 17 10 3 
15 17 9 3 
15 17 9 2 
15 17 10 2 
15 17 11 2 
15 17 11 3 
15 17 12 3 

20 22 21 6 
20 22 20 6 
20 22 20 5 
20 22 19 5 
20 22 19 4 
20 22 19 3 
20 22 20 3 
20 22 20 2 
20 22 20 1 
20 22 21 1 
20 22 22 1 
20 22 22 2 
20 22 23 2 
20 22 23 3 
20 22 22 3 
20 22 22 2 
20 22 22 1 
20 22 21 1 
20 22 21 2 
20 22 20 2 
20 22 20 1 

23 6 21 5 
23 6 20 5 
23 6 19 5 
23 6 19 4 
23 6 18 4 
23 6 17 4 
23 6 16 4 
23 6 15 4 
23 6 15 5 
23 6 14 5 
23 6 14 6 
23 6 14 7 
23 6 15 7 
23 6 15 6 
23 6 15 5 
23 6 16 5 
23 6 16 4 
23 6 15 4 
23 6 15 5 
23 6 15 6 
23 6 15 7 

21 11 3 3 
21 11 3 4 
21 11 3 5 
21 11 4 5 
21 11 4 6 
21 11 3 6 
21 11 3 7 
21 11 3 8 
21 11 2 8 
21 11 2 7 
21 11 3 7 
21 11 3 8 
21 11 4 8 
21 11 4 9 
21 11 4 10 
21 11 4 11 
21 11 4 12 
21 11 3 12 
21 11 2 12 
21 11 2 11 
21 11 1 11 

1 2 2 21 
1 2 3 21 
1 2 3 20 
1 2 2 20 
1 2 2 21 
1 2 3 21 
1 2 4 21 
1 2 5 21 
1 2 5 22 
1 2 6 22 
1 2 7 22 
1 2 7 21 
1 2 8 21 
1 2 8 22 
1 2 7 22 
1 2 7 21 
1 2 7 20 
1 2 8 20 
1 2 8 19 
1 2 8 18 
1 2 8 17 

23 17 6 8 
23 17 5 8 
23 17 4 8 
23 17 3 8 
23 17 3 7 
23 17 3 6 
23 17 3 5 
23 17 4 5 
23 17 4 6 
23 17 5 6 
23 17 5 5 
23 17 5 4 
23 17 4 4 
23 17 3 4 
23 17 3 3 
23 17 2 3 
23 17 1 3 
23 17 1 2 
23 17 2 2 
23 17 3 2 
23 17 3 3 

10 2 7 14 
10 2 6 14 
10 2 6 15 
10 2 7 15 
10 2 7 14 
10 2 7 13 
10 2 7 12 
10 2 8 12 
10 2 8 13 
10 2 9 13 
10 2 9 14 
10 2 10 14 
10 2 10 13 
10 2 10 12 
10 2 11 12 
10 2 11 13 
10 2 10 13 
10 2 9 13 
10 2 8 13 
10 2 8 12 
10 2 9 12 

7 15 3 2 
7 15 3 3 
7 15 2 3 
7 15 1 3 
7 15 1 2 
7 15 1 1 
7 15 2 1 
7 15 2 2 
7 15 2 3 
7 15 2 4 
7 15 3 4 
7 15 3 5 
7 15 4 5 
7 15 4 6 
7 15 5 6 
7 15 5 7 
7 15 6 7 
7 15 6 8 
7 15 5 8 
7 15 5 7 
7 15 6 7 

20 16 22 21 
20 16 21 21 
20 16 20 21 
20 16 20 22 
20 16 19 22 
20 16 19 21 
20 16 19 20 
20 16 20 20 
20 16 21 20 
20 16 21 21 
20 16 22 21 
20 16 23 21 
20 16 23 22 
20 16 22 22 
20 16 22 21 
20 16 23 21 
20 16 23 22 
20 16 22 22 
20 16 21 22 
20 16 20 22 
20 16 20 21 

20 5 16 6 
20 5 17 6 
20 5 17 5 
20 5 17 4 
20 5 18 4 
20 5 19 4 
20 5 20 4 
20 5 20 3 
20 5 19 3 
20 5 19 4 
20 5 18 4 
20 5 18 3 
20 5 19 3 
20 5 19 4 
20 5 18 4 
20 5 18 5 
20 5 18 6 
20 5 17 6 
20 5 17 7 
20 5 17 8 
20 5 16 8 

4 10 21 7 
4 10 22 7 
4 10 22 8 
4 10 22 9 
4 10 23 9 
4 10 23 8 
4 10 23 7 
4 10 23 6 
4 10 23 5 
4 10 22 5 
4 10 22 6 
4 10 23 6 
4 10 23 7 
4 10 23 8 
4 10 22 8 
4 10 22 9 
4 10 21 9 
4 10 20 9 
4 10 20 8 
4 10 21 8 
4 10 21 9 

8 20 3 4 
8 20 2 4 
8 20 1 4 
8 20 1 5 
8 20 1 6 
8 20 1 7 
8 20 2 7 
8 20 2 6 
8 20 3 6 
8 20 4 6 
8 20 5 6 
8 20 5 7 
8 20 5 8 
8 20 4 8 
8 20 4 9 
8 20 5 9 
8 20 5 10 
8 20 5 11 
8 20 5 12 
8 20 6 12 
8 20 6 13 

19 6 22 10 
19 6 22 11 
19 6 22 12 
19 6 22 13 
19 6 21 13 
19 6 20 13 
19 6 20 12 
19 6 20 11 
19 6 21 11 
19 6 21 12 
19 6 20 12 
19 6 20 11 
19 6 19 11 
19 6 19 12 
19 6 19 13 
19 6 18 13 
19 6 18 14 
19 6 18 15 
19 6 19 15 
19 6 20 15 
19 6 21 15 

17 13 9 17 
17 13 10 17 
17 13 10 18 
17 13 10 19 
17 13 10 20 
17 13 11 20 
17 13 11 21 
17 13 11 22 
17 13 12 22 
17 13 13 22 
17 13 14 22 
17 13 15 22 
17 13 16 22 
17 13 16 21 
17 13 17 21 
17 13 18 21 
17 13 18 20 
17 13 18 19 
17 13 18 18 
17 13 19 18 
17 13 20 18 

10 5 7 20 
10 5 8 20 
10 5 8 21 
10 5 9 21 
10 5 9 20 
10 5 9 19 
10 5 9 18 
10 5 8 18 
10 5 8 17 
10 5 7 17 
10 5 7 18 
10 5 7 19 
10 5 7 20 
10 5 6 20 
10 5 5 20 
10 5 5 21 
10 5 6 21 
10 5 7 21 
10 5 7 22 
10 5 8 22 
10 5 9 22 

2 18 21 11 
2 18 22 11 
2 18 22 10 
2 18 22 9 
2 18 21 9 
2 18 21 8 
2 18 20 8 
2 18 20 7 
2 18 21 7 
2 18 21 8 
2 18 22 8 
2 18 23 8 
2 18 23 7 
2 18 23 6 
2 18 23 5 
2 18 22 5 
2 18 22 4 
2 18 22 3 
2 18 22 2 
2 18 22 1 
2 18 21 1 

20 20 5 21 
20 20 6 21 
20 20 6 20 
20 20 5 20 
20 20 5 21 
20 20 5 22 
20 20 6 22 
20 20 7 22 
20 20 8 22 
20 20 8 21 
20 20 9 21 
20 20 9 20 
20 20 9 19 
20 20 10 19 
20 20 10 20 
20 20 11 20 
20 20 11 21 
20 20 10 21 
20 20 10 20 
20 20 11 20 
20 20 11 21 

18 16 3 18 
18 16 3 19 
18 16 3 20 
18 16 2 20 
18 16 2 19 
18 16 3 19 
18 16 3 18 
18 16 3 17 
18 16 3 16 
18 16 4 16 
18 16 4 17 
18 16 3 17 
18 16 3 18 
18 16 2 18 
18 16 1 18 
18 16 1 19 
18 16 1 20 
18 16 2 20 
18 16 3 20 
18 16 3 19 
18 16 2 19 

13 21 21 4 
13 21 22 4 
13 21 23 4 
13 21 23 3 
13 21 22 3 
13 21 21 3 
13 21 20 3 
13 21 20 2 
13 21 19 2 
13 21 19 1 
13 21 18 1 
13 21 17 1 
13 21 16 1 
13 21 15 1 
13 21 14 1 
13 21 14 2 
13 21 15 2 
13 21 15 1 
13 21 16 1 
13 21 17 1 
13 21 17 2 

23 22 19 17 
23 22 19 16 
23 22 20 16 
23 22 20 17 
23 22 21 17 
23 22 21 18 
23 22 22 18 
23 22 23 18 
23 22 23 19 
23 22 23 20 
23 22 22 20 
23 22 22 19 
23 22 22 18 
23 22 22 17 
23 22 23 17 
23 22 23 18 
23 22 23 19 
23 22 23 20 
23 22 22 20 
23 22 22 19 
23 22 23 19 

23 22 16 13 
23 22 17 13 
23 22 17 14 
23 22 17 15 
23 22 17 16 
23 22 17 17 
23 22 16 17 
23 22 15 17 
23 22 15 16 
23 22 15 15 
23 22 16 15 
23 22 17 15 
23 22 17 14 
23 22 17 13 
23 22 17 12 
23 22 16 12 
23 22 16 11 
23 22 15 11 
23 22 15 10 
23 22 14 10 
23 22 13 10 

23 3 9 6 
23 3 8 6 
23 3 7 6 
23 3 7 5 
23 3 8 5 
23 3 9 5 
23 3 10 5 
23 3 10 4 
23 3 11 4 
23 3 11 5 
23 3 11 6 
23 3 11 7 
23 3 11 8 
23 3 10 8 
23 3 10 9 
23 3 9 9 
23 3 9 8 
23 3 8 8 
23 3 8 7 
23 3 7 7 
23 3 6 7 

16 11 19 5 
16 11 19 4 
16 11 19 3 
16 11 18 3 
16 11 17 3 
16 11 17 4 
16 11 17 5 
16 11 18 5 
16 11 18 4 
16 11 18 3 
16 11 17 3 
16 11 16 3 
16 11 16 4 
16 11 15 4 
16 11 15 3 
16 11 15 2 
16 11 14 2 
16 11 14 3 
16 11 14 4 
16 11 14 5 
16 11 13 5 

11 2 6 8 
11 2 5 8 
11 2 5 7 
11 2 5 6 
11 2 6 6 
11 2 6 7 
11 2 6 8 
11 2 7 8 
11 2 8 8 
11 2 9 8 
11 2 10 8 
11 2 11 8 
11 2 12 8 
11 2 13 8 
11 2 13 7 
11 2 14 7 
11 2 15 7 
11 2 15 6 
11 2 14 6 
11 2 13 6 
11 2 12 6 

1 13 2 14 
1 13 2 13 
1 13 3 13 
1 13 4 13 
1 13 5 13 
1 13 5 12 
1 13 5 11 
1 13 4 11 
1 13 4 10 
1 13 4 9 
1 13 4 8 
1 13 4 7 
1 13 5 7 
1 13 5 8 
1 13 5 9 
1 13 4 9 
1 13 4 8 
1 13 5 8 
1 13 5 7 
1 13 6 7 
1 13 7 7 

15 19 1 11 
15 19 2 11 
15 19 3 11 
15 19 3 12 
15 19 2 12 
15 19 2 13 
15 19 3 13 
15 19 3 12 
15 19 2 12 
15 19 2 13 
15 19 1 13 
15 19 1 14 
15 19 2 14 
15 19 3 14 
15 19 3 13 
15 19 4 13 
15 19 5 13 
15 19 6 13 
15 19 6 14 
15 19 7 14 
15 19 8 14 

12 1 3 12 
12 1 2 12 
12 1 1 12 
12 1 1 11 
12 1 1 10 
12 1 2 10 
12 1 2 9 
12 1 3 9 
12 1 3 8 
12 1 3 7 
12 1 4 7 
12 1 4 8 
12 1 3 8 
12 1 3 9 
12 1 4 9 
12 1 5 9 
12 1 5 10 
12 1 5 11 
12 1 6 11 
12 1 6 12 
12 1 5 12 

2 8 19 2 
2 8 19 1 
2 8 18 1 
2 8 17 1 
2 8 16 1 
2 8 15 1 
2 8 15 2 
2 8 16 2 
2 8 17 2 
2 8 18 2 
2 8 19 2 
2 8 19 1 
2 8 18 1 
2 8 18 2 
2 8 18 3 
2 8 18 4 
2 8 17 4 
2 8 16 4 
2 8 16 5 
2 8 15 5 
2 8 15 4 

8 7 13 21 
8 7 13 20 
8 7 13 19 
8 7 14 19 
8 7 14 18 
8 7 15 18 
8 7 15 17 
8 7 16 17 
8 7 16 16 
8 7 16 15 
8 7 15 15 
8 7 15 14 
8 7 15 13 
8 7 14 13 
8 7 14 12 
8 7 15 12 
8 7 16 12 
8 7 17 12 
8 7 17 13 
8 7 17 14 
8 7 16 14 

1 21 15 1 
1 21 14 1 
1 21 13 1 
1 21 13 2 
1 21 14 2 
1 21 15 2 
1 21 15 1 
1 21 16 1 
1 21 16 2 
1 21 16 3 
1 21 16 4 
1 21 17 4 
1 21 18 4 
1 21 18 3 
1 21 19 3 
1 21 19 4 
1 21 19 5 
1 21 18 5 
1 21 18 4 
1 21 17 4 
1 21 16 4 

1 9 15 12 
1 9 14 12 
1 9 14 13 
1 9 15 13 
1 9 15 12 
1 9 14 12 
1 9 14 13 
1 9 14 14 
1 9 14 15 
1 9 15 15 
1 9 16 15 
1 9 16 14 
1 9 17 14 
1 9 17 15 
1 9 16 15 
1 9 15 15 
1 9 14 15 
1 9 14 14 
1 9 13 14 
1 9 13 15 
1 9 14 15 

6 1 23 3 
6 1 23 2 
6 1 22 2 
6 1 22 1 
6 1 23 1 
6 1 23 2 
6 1 23 3 
6 1 22 3 
6 1 21 3 
6 1 21 2 
6 1 22 2 
6 1 22 1 
6 1 21 1 
6 1 20 1 
6 1 19 1 
6 1 18 1 
6 1 17 1 
6 1 17 2 
6 1 17 3 
6 1 17 4 
6 1 16 4 

3 21 18 10 
3 21 17 10 
3 21 17 9 
3 21 16 9 
3 21 15 9 
3 21 15 8 
3 21 14 8 
3 21 13 8 
3 21 13 7 
3 21 14 7 
3 21 14 8 
3 21 14 9 
3 21 13 9 
3 21 13 10 
3 21 12 10 
3 21 11 10 
3 21 11 9 
3 21 12 9 
3 21 13 9 
3 21 13 10 
3 21 14 10 

2 20 14 3 
2 20 15 3 
2 20 15 4 
2 20 15 5 
2 20 15 6 
2 20 15 7 
2 20 15 8 
2 20 15 9 
2 20 15 10 
2 20 15 11 
2 20 16 11 
2 20 16 10 
2 20 17 10 
2 20 17 9 
2 20 17 8 
2 20 17 7 
2 20 18 7 
2 20 18 6 
2 20 17 6 
2 20 17 5 
2 20 18 5 

13 8 15 13 
13 8 14 13 
13 8 14 12 
13 8 13 12 
13 8 13 13 
13 8 12 13 
13 8 12 12 
13 8 13 12 
13 8 14 12 
13 8 14 13 
13 8 13 13 
13 8 13 14 
13 8 12 14 
13 8 11 14 
13 8 11 13 
13 8 10 13 
13 8 9 13 
13 8 9 14 
13 8 8 14 
13 8 8 13 
13 8 9 13 

23 17 22 4 
23 17 22 3 
23 17 23 3 
23 17 23 4 
23 17 23 5 
23 17 23 6 
23 17 22 6 
23 17 22 7 
23 17 23 7 
23 17 23 6 
23 17 23 5 
23 17 23 4 
23 17 23 3 
23 17 22 3 
23 17 22 4 
23 17 23 4 
23 17 23 3 
23 17 22 3 
23 17 22 4 
23 17 23 4 
23 17 23 3 

17 16 16 15 
17 16 15 15 
17 16 15 14 
17 16 16 14 
17 16 16 13 
17 16 15 13 
17 16 14 13 
17 16 14 14 
17 16 13 14 
17 16 12 14 
17 16 12 13 
17 16 11 13 
17 16 10 13 
17 16 10 14 
17 16 9 14 
17 16 9 13 
17 16 9 12 
17 16 10 12 
17 16 10 11 
17 16 10 10 
17 16 9 10 

8 1 22 19 
8 1 22 20 
8 1 23 20 
8 1 23 19 
8 1 22 19 
8 1 21 19 
8 1 21 18 
8 1 21 17 
8 1 22 17 
8 1 22 16 
8 1 22 15 
8 1 23 15 
8 1 23 16 
8 1 23 17 
8 1 22 17 
8 1 22 16 
8 1 23 16 
8 1 23 15 
8 1 22 15 
8 1 22 14 
8 1 22 13 

13 13 17 6 
13 13 16 6 
13 13 16 7 
13 13 17 7 
13 13 17 6 
13 13 16 6 
13 13 15 6 
13 13 14 6 
13 13 14 5 
13 13 13 5 
13 13 13 4 
13 13 13 3 
13 13 13 2 
13 13 13 1 
13 13 12 1 
13 13 12 2 
13 13 11 2 
13 13 10 2 
13 13 10 3 
13 13 9 3 
13 13 9 2 

2 7 16 2 
2 7 16 1 
2 7 17 1 
2 7 17 2 
2 7 16 2 
2 7 16 1 
2 7 15 1 
2 7 14 1 
2 7 13 1 
2 7 12 1 
2 7 12 2 
2 7 11 2 
2 7 11 1 
2 7 10 1 
2 7 9 1 
2 7 8 1 
2 7 8 2 
2 7 9 2 
2 7 9 1 
2 7 8 1 
2 7 8 2 

17 16 9 11 
17 16 8 11 
17 16 8 10 
17 16 7 10 
17 16 7 11 
17 16 8 11 
17 16 8 10 
17 16 7 10 
17 16 6 10 
17 16 6 11 
17 16 7 11 
17 16 7 12 
17 16 6 12 
17 16 5 12 
17 16 5 13 
17 16 5 14 
17 16 4 14 
17 16 3 14 
17 16 3 13 
17 16 3 12 
17 16 2 12 

14 16 17 19 
14 16 18 19 
14 16 19 19 
14 16 20 19 
14 16 20 18 
14 16 21 18 
14 16 21 17 
14 16 22 17 
14 16 23 17 
14 16 23 18 
14 16 22 18 
14 16 22 19 
14 16 21 19 
14 16 21 18 
14 16 22 18 
14 16 22 19 
14 16 21 19 
14 16 21 20 
14 16 20 20 
14 16 20 21 
14 16 20 22 

1 9 20 3 
1 9 20 2 
1 9 20 1 
1 9 19 1 
1 9 18 1 
1 9 17 1 
1 9 16 1 
1 9 15 1 
1 9 15 2 
1 9 14 2 
1 9 14 3 
1 9 13 3 
1 9 13 4 
1 9 12 4 
1 9 12 3 
1 9 12 2 
1 9 11 2 
1 9 10 2 
1 9 10 1 
1 9 9 1 
1 9 9 2 

1 13 21 1 
1 13 20 1 
1 13 19 1 
1 13 19 2 
1 13 20 2 
1 13 20 1 
1 13 21 1 
1 13 22 1 
1 13 22 2 
1 13 23 2 
1 13 23 1 
1 13 22 1 
1 13 21 1 
1 13 20 1 
1 13 20 2 
1 13 21 2 
1 13 21 1 
1 13 22 1 
1 13 23 1 
1 13 23 2 
1 13 22 2 

13 10 16 17 
13 10 16 18 
13 10 16 19 
13 10 16 20 
13 10 15 20 
13 10 15 21 
13 10 16 21 
13 10 16 20 
13 10 16 19 
13 10 16 18 
13 10 16 17 
13 10 16 16 
13 10 15 16 
13 10 15 15 
13 10 15 14 
13 10 15 13 
13 10 15 12 
13 10 14 12 
13 10 13 12 
13 10 12 12 
13 10 12 11 

23 14 8 17 
23 14 7 17 
23 14 7 18 
23 14 8 18 
23 14 9 18 
23 14 9 17 
23 14 9 16 
23 14 9 15 
23 14 9 14 
23 14 10 14 
23 14 10 13 
23 14 10 12 
23 14 9 12 
23 14 8 12 
23 14 7 12 
23 14 7 13 
23 14 7 14 
23 14 7 15 
23 14 8 15 
23 14 9 15 
23 14 9 14 

23 17 12 4 
23 17 11 4 
23 17 11 5 
23 17 12 5 
23 17 12 4 
23 17 12 3 
23 17 13 3 
23 17 13 4 
23 17 13 5 
23 17 12 5 
23 17 11 5 
23 17 10 5 
23 17 10 4 
23 17 10 3 
23 17 11 3 
23 17 11 2 
23 17 10 2 
23 17 10 3 
23 17 11 3 
23 17 11 4 
23 17 12 4 

17 11 22 9 
17 11 21 9 
17 11 21 8 
17 11 22 8 
17 11 22 9 
17 11 21 9 
17 11 21 8 
17 11 22 8 
17 11 23 8 
17 11 23 9 
17 11 23 10 
17 11 22 10 
17 11 21 10 
17 11 20 10 
17 11 20 11 
17 11 20 12 
17 11 20 13 
17 11 19 13 
17 11 18 13 
17 11 18 12 
17 11 19 12 

22 4 18 1 
22 4 17 1 
22 4 17 2 
22 4 16 2 
22 4 16 1 
22 4 17 1 
22 4 17 2 
22 4 18 2 
22 4 18 1 
22 4 19 1 
22 4 19 2 
22 4 20 2 
22 4 21 2 
22 4 21 1 
22 4 20 1 
22 4 20 2 
22 4 19 2 
22 4 18 2 
22 4 18 3 
22 4 18 4 
22 4 19 4 

9 21 19 14 
9 21 19 13 
9 21 18 13 
9 21 18 14 
9 21 17 14 
9 21 17 13 
9 21 18 13 
9 21 18 14 
9 21 18 15 
9 21 18 16 
9 21 17 16 
9 21 17 15 
9 21 16 15 
9 21 15 15 
9 21 15 16 
9 21 16 16 
9 21 17 16 
9 21 17 17 
9 21 18 17 
9 21 18 18 
9 21 18 19 

5 10 9 14 
5 10 9 13 
5 10 8 13 
5 10 8 12 
5 10 7 12 
5 10 7 13 
5 10 6 13 
5 10 6 14 
5 10 5 14 
5 10 4 14 
5 10 4 13 
5 10 4 12 
5 10 3 12 
5 10 3 13 
5 10 3 14 
5 10 4 14 
5 10 5 14 
5 10 5 13 
5 10 5 12 
5 10 4 12 
5 10 4 11 

23 13 1 21 
23 13 1 22 
23 13 2 22 
23 13 2 21 
23 13 2 20 
23 13 3 20 
23 13 3 21 
23 13 2 21 
23 13 2 22 
23 13 3 22 
23 13 3 21 
23 13 2 21 
23 13 1 21 
23 13 1 20 
23 13 2 20 
23 13 2 19 
23 13 3 19 
23 13 3 18 
23 13 2 18 
23 13 1 18 
23 13 1 19 

15 9 23 19 
15 9 23 18 
15 9 22 18 
15 9 21 18 
15 9 20 18 
15 9 20 17 
15 9 19 17 
15 9 19 18 
15 9 20 18 
15 9 20 17 
15 9 21 17 
15 9 21 18 
15 9 21 19 
15 9 22 19 
15 9 22 18 
15 9 22 17 
15 9 21 17 
15 9 21 16 
15 9 22 16 
15 9 22 15 
15 9 22 14 

7 6 10 20 
7 6 10 21 
7 6 11 21 
7 6 11 22 
7 6 10 22 
7 6 10 21 
7 6 10 20 
7 6 11 20 
7 6 11 19 
7 6 10 19 
7 6 9 19 
7 6 9 20 
7 6 8 20 
7 6 8 19 
7 6 7 19 
7 6 7 20 
7 6 7 21 
7 6 8 21 
7 6 8 22 
7 6 9 22 
7 6 10 22 

11 6 5 2 
11 6 4 2 
11 6 4 3 
11 6 4 4 
11 6 3 4 
11 6 2 4 
11 6 2 3 
11 6 3 3 
11 6 3 4 
11 6 3 5 
11 6 2 5 
11 6 2 6 
11 6 3 6 
11 6 4 6 
11 6 5 6 
11 6 5 7 
11 6 4 7 
11 6 4 6 
11 6 3 6 
11 6 3 7 
11 6 3 8 

22 13 13 15 
22 13 13 14 
22 13 14 14 
22 13 14 13 
22 13 14 12 
22 13 13 12 
22 13 13 13 
22 13 12 13 
22 13 11 13 
22 13 10 13 
22 13 10 12 
22 13 10 11 
22 13 9 11 
22 13 9 10 
22 13 10 10 
22 13 10 11 
22 13 11 11 
22 13 11 10 
22 13 12 10 
22 13 12 11 
22 13 13 11 

16 16 13 22 
16 16 12 22 
16 16 12 21 
16 16 12 20 
16 16 12 19 
16 16 13 19 
16 16 13 20 
16 16 13 21 
16 16 14 21 
16 16 14 22 
16 16 13 22 
16 16 13 21 
16 16 12 21 
16 16 12 20 
16 16 13 20 
16 16 13 21 
16 16 13 22 
16 16 14 22 
16 16 15 22 
16 16 15 21 
16 16 15 20 

4 16 6 9 
4 16 7 9 
4 16 7 8 
4 16 6 8 
4 16 5 8 
4 16 5 9 
4 16 5 10 
4 16 4 10 
4 16 4 11 
4 16 5 11 
4 16 6 11 
4 16 7 11 
4 16 7 12 
4 16 8 12 
4 16 8 11 
4 16 9 11 
4 16 9 12 
4 16 10 12 
4 16 10 13 
4 16 10 14 
4 16 10 15 

11 17 1 14 
11 17 1 15 
11 17 1 16 
11 17 1 17 
11 17 2 17 
11 17 2 18 
11 17 1 18 
11 17 1 19 
11 17 1 20 
11 17 1 21 
11 17 1 22 
11 17 2 22 
11 17 3 22 
11 17 3 21 
11 17 3 20 
11 17 3 19 
11 17 3 18 
11 17 3 17 
11 17 2 17 
11 17 2 16 
11 17 3 16 

17 12 16 14 
17 12 16 13 
17 12 15 13 
17 12 15 12 
17 12 15 11 
17 12 15 10 
17 12 15 9 
17 12 16 9 
17 12 16 8 
17 12 16 7 
17 12 16 6 
17 12 17 6 
17 12 18 6 
17 12 18 7 
17 12 18 8 
17 12 17 8 
17 12 16 8 
17 12 16 7 
17 12 17 7 
17 12 18 7 
17 12 18 6 

16 22 22 14 
16 22 21 14 
16 22 20 14 
16 22 20 13 
16 22 20 12 
16 22 21 12 
16 22 22 12 
16 22 23 12 
16 22 23 13 
16 22 22 13 
16 22 21 13 
16 22 20 13 
16 22 20 14 
16 22 19 14 
16 22 19 15 
16 22 18 15 
16 22 17 15 
16 22 17 16 
16 22 16 16 
16 22 15 16 
16 22 15 17 

22 12 3 12 
22 12 3 11 
22 12 3 10 
22 12 4 10 
22 12 4 11 
22 12 5 11 
22 12 5 12 
22 12 5 13 
22 12 6 13 
22 12 6 12 
22 12 5 12 
22 12 5 13 
22 12 6 13 
22 12 7 13 
22 12 7 12 
22 12 6 12 
22 12 5 12 
22 12 5 11 
22 12 5 10 
22 12 5 9 
22 12 5 8 

19 7 23 22 
19 7 23 21 
19 7 23 20 
19 7 22 20 
19 7 21 20 
19 7 21 21 
19 7 20 21 
19 7 20 20 
19 7 20 19 
19 7 19 19 
19 7 19 20 
19 7 20 20 
19 7 20 21 
19 7 21 21 
19 7 21 20 
19 7 20 20 
19 7 20 21 
19 7 21 21 
19 7 21 22 
19 7 20 22 
19 7 19 22 

16 15 13 15 
16 15 13 14 
16 15 14 14 
16 15 14 13 
16 15 15 13 
16 15 16 13 
16 15 16 12 
16 15 17 12 
16 15 17 11 
16 15 18 11 
16 15 18 12 
16 15 19 12 
16 15 19 13 
16 15 19 14 
16 15 19 15 
16 15 18 15 
16 15 17 15 
16 15 17 16 
16 15 18 16 
16 15 18 15 
16 15 17 15 

14 19 13 17 
14 19 12 17 
14 19 12 18 
14 19 12 19 
14 19 13 19 
14 19 13 20 
14 19 14 20 
14 19 15 20 
14 19 15 21 
14 19 16 21 
14 19 17 21 
14 19 18 21 
14 19 19 21 
14 19 19 22 
14 19 20 22 
14 19 20 21 
14 19 20 20 
14 19 21 20 
14 19 21 21 
14 19 22 21 
14 19 22 22 

15 9 17 1 
15 9 17 2 
15 9 18 2 
15 9 18 3 
15 9 19 3 
15 9 20 3 
15 9 20 2 
15 9 20 1 
15 9 19 1 
15 9 19 2 
15 9 20 2 
15 9 20 1 
15 9 19 1 
15 9 19 2 
15 9 19 3 
15 9 18 3 
15 9 18 4 
15 9 19 4 
15 9 19 3 
15 9 18 3 
15 9 17 3 

7 13 18 8 
7 13 18 7 
7 13 19 7 
7 13 19 6 
7 13 19 5 
7 13 20 5 
7 13 20 6 
7 13 21 6 
7 13 21 7 
7 13 21 8 
7 13 21 9 
7 13 22 9 
7 13 23 9 
7 13 23 10 
7 13 22 10 
7 13 22 11 
7 13 23 11 
7 13 23 10 
7 13 23 9 
7 13 23 8 
7 13 23 7 

1 2 4 20 
1 2 5 20 
1 2 5 21 
1 2 6 21 
1 2 6 20 
1 2 5 20 
1 2 4 20 
1 2 4 21 
1 2 3 21 
1 2 3 20 
1 2 3 19 
1 2 3 18 
1 2 3 17 
1 2 3 16 
1 2 2 16 
1 2 1 16 
1 2 1 15 
1 2 1 14 
1 2 2 14 
1 2 2 15 
1 2 3 15 

9 6 14 9 
9 6 15 9 
9 6 15 8 
9 6 15 7 
9 6 16 7 
9 6 16 6 
9 6 17 6 
9 6 18 6 
9 6 18 7 
9 6 18 8 
9 6 18 9 
9 6 17 9 
9 6 16 9 
9 6 16 10 
9 6 17 10 
9 6 17 9 
9 6 17 8 
9 6 16 8 
9 6 15 8 
9 6 15 7 
9 6 14 7 

3 10 23 10 
3 10 22 10 
3 10 21 10 
3 10 21 9 
3 10 21 8 
3 10 21 7 
3 10 22 7 
3 10 23 7 
3 10 23 6 
3 10 22 6 
3 10 21 6 
3 10 20 6 
3 10 20 7 
3 10 20 8 
3 10 21 8 
3 10 22 8 
3 10 23 8 
3 10 23 9 
3 10 22 9 
3 10 22 8 
3 10 22 7 

18 13 23 19 
18 13 23 18 
18 13 22 18 
18 13 22 19 
18 13 23 19 
18 13 23 18 
18 13 22 18 
18 13 22 17 
18 13 21 17 
18 13 20 17 
18 13 19 17 
18 13 19 18 
18 13 20 18 
18 13 20 19 
18 13 20 20 
18 13 21 20 
18 13 22 20 
18 13 23 20 
18 13 23 21 
18 13 23 22 
18 13 22 22 

8 18 21 12 
8 18 21 11 
8 18 21 10 
8 18 20 10 
8 18 20 9 
8 18 21 9 
8 18 21 10 
8 18 20 10 
8 18 20 9 
8 18 19 9 
8 18 19 8 
8 18 20 8 
8 18 21 8 
8 18 22 8 
8 18 22 7 
8 18 22 6 
8 18 22 5 
8 18 21 5 
8 18 20 5 
8 18 19 5 
8 18 19 6 

10 16 21 17 
10 16 21 16 
10 16 21 15 
10 16 21 14 
10 16 20 14 
10 16 20 13 
10 16 21 13 
10 16 21 12 
10 16 20 12 
10 16 20 11 
10 16 20 10 
10 16 19 10 
10 16 19 11 
10 16 20 11 
10 16 20 12 
10 16 20 13 
10 16 19 13 
10 16 18 13 
10 16 17 13 
10 16 16 13 
10 16 16 12 

15 9 16 17 
15 9 17 17 
15 9 17 18 
15 9 17 19 
15 9 16 19 
15 9 16 18 
15 9 16 17 
15 9 17 17 
15 9 17 16 
15 9 16 16 
15 9 15 16 
15 9 15 15 
15 9 16 15 
15 9 17 15 
15 9 17 16 
15 9 18 16 
15 9 19 16 
15 9 19 17 
15 9 19 18 
15 9 18 18 
15 9 17 18 

6 20 5 4 
6 20 6 4 
6 20 6 3 
6 20 5 3 
6 20 4 3 
6 20 4 4 
6 20 5 4 
6 20 6 4 
6 20 6 3 
6 20 5 3 
6 20 4 3 
6 20 4 4 
6 20 5 4 
6 20 6 4 
6 20 6 5 
6 20 6 6 
6 20 7 6 
6 20 7 5 
6 20 6 5 
6 20 6 6 
6 20 6 7 

3 6 21 14 
3 6 21 13 
3 6 21 12 
3 6 22 12 
3 6 22 11 
3 6 21 11 
3 6 21 10 
3 6 20 10 
3 6 19 10 
3 6 19 9 
3 6 19 8 
3 6 18 8 
3 6 18 7 
3 6 19 7 
3 6 19 8 
3 6 19 9 
3 6 18 9 
3 6 18 10 
3 6 19 10 
3 6 19 9 
3 6 18 9 

15 14 17 7 
15 14 16 7 
15 14 15 7 
15 14 14 7 
15 14 14 8 
15 14 13 8 
15 14 12 8 
15 14 11 8 
15 14 10 8 
15 14 10 9 
15 14 11 9 
15 14 11 10 
15 14 11 11 
15 14 11 12 
15 14 12 12 
15 14 12 11 
15 14 12 10 
15 14 11 10 
15 14 11 11 
15 14 11 12 
15 14 11 13 

8 19 16 5 
8 19 16 6 
8 19 15 6 
8 19 15 7 
8 19 14 7 
8 19 14 6 
8 19 13 6 
8 19 12 6 
8 19 12 5 
8 19 11 5 
8 19 10 5 
8 19 10 4 
8 19 10 3 
8 19 9 3 
8 19 8 3 
8 19 7 3 
8 19 7 4 
8 19 6 4 
8 19 6 3 
8 19 6 2 
8 19 7 2 

23 3 6 21 
23 3 5 21 
23 3 5 20 
23 3 6 20 
23 3 7 20 
23 3 8 20 
23 3 8 21 
23 3 7 21 
23 3 7 20 
23 3 7 19 
23 3 8 19 
23 3 9 19 
23 3 9 20 
23 3 9 21 
23 3 10 21 
23 3 10 20 
23 3 9 20 
23 3 8 20 
23 3 7 20 
23 3 7 19 
23 3 8 19 

29 46 41 18 
29 46 41 17 
29 46 40 17 
29 46 40 18 
29 46 40 19 
29 46 41 19 
29 46 41 20 
29 46 42 20 
29 46 43 20 
29 46 43 21 
29 46 44 21 
29 46 44 22 
29 46 45 22 
29 46 46 22 
29 46 46 21 
29 46 46 20 
29 46 45 20 
29 46 44 20 
29 46 44 19 
29 46 45 19 
29 46 45 18 

6 10 24 13 
6 10 25 13 
6 10 25 12 
6 10 25 11 
6 10 24 11 
6 10 23 11 
6 10 22 11 
6 10 21 11 
6 10 21 12 
6 10 21 13 
6 10 22 13 
6 10 23 13 
6 10 23 12 
6 10 24 12 
6 10 25 12 
6 10 26 12 
6 10 27 12 
6 10 27 11 
6 10 26 11 
6 10 25 11 
6 10 25 10 

1 23 2 35 
1 23 1 35 
1 23 1 34 
1 23 1 33 
1 23 2 33 
1 23 3 33 
1 23 3 34 
1 23 4 34 
1 23 4 35 
1 23 3 35 
1 23 3 36 
1 23 2 36 
1 23 1 36 
1 23 1 37 
1 23 1 38 
1 23 2 38 
1 23 3 38 
1 23 3 37 
1 23 3 36 
1 23 3 35 
1 23 3 34 

12 42 23 32 
12 42 23 33 
12 42 22 33 
12 42 22 34 
12 42 21 34 
12 42 21 35 
12 42 20 35 
12 42 20 34 
12 42 21 34 
12 42 21 33 
12 42 21 32 
12 42 20 32 
12 42 20 33 
12 42 21 33 
12 42 21 34 
12 42 21 35 
12 42 20 35 
12 42 20 34 
12 42 19 34 
12 42 19 35 
12 42 18 35 

37 21 32 2 
37 21 32 1 
37 21 33 1 
37 21 34 1 
37 21 35 1 
37 21 36 1 
37 21 36 2 
37 21 36 3 
37 21 35 3 
37 21 35 2 
37 21 34 2 
37 21 34 1 
37 21 35 1 
37 21 36 1 
37 21 37 1 
37 21 37 2 
37 21 36 2 
37 21 36 3 
37 21 36 4 
37 21 37 4 
37 21 38 4 

40 32 17 5 
40 32 17 4 
40 32 18 4 
40 32 18 3 
40 32 17 3 
40 32 17 4 
40 32 17 5 
40 32 17 6 
40 32 18 6 
40 32 18 7 
40 32 19 7 
40 32 19 8 
40 32 18 8 
40 32 17 8 
40 32 17 9 
40 32 16 9 
40 32 15 9 
40 32 14 9 
40 32 13 9 
40 32 13 10 
40 32 14 10 

28 26 46 32 
28 26 46 33 
28 26 45 33 
28 26 45 32 
28 26 44 32 
28 26 44 31 
28 26 44 30 
28 26 43 30 
28 26 42 30 
28 26 42 31 
28 26 41 31 
28 26 41 30 
28 26 41 29 
28 26 42 29 
28 26 42 28 
28 26 43 28 
28 26 43 29 
28 26 43 30 
28 26 43 31 
28 26 42 31 
28 26 42 30 

30 20 11 44 
30 20 12 44 
30 20 13 44 
30 20 13 43 
30 20 13 42 
30 20 14 42 
30 20 14 43 
30 20 14 44 
30 20 15 44 
30 20 16 44 
30 20 16 43 
30 20 15 43 
30 20 14 43 
30 20 13 43 
30 20 13 44 
30 20 14 44 
30 20 14 45 
30 20 13 45 
30 20 13 44 
30 20 13 43 
30 20 12 43 

33 20 9 32 
33 20 10 32 
33 20 10 31 
33 20 10 30 
33 20 9 30 
33 20 8 30 
33 20 8 31 
33 20 8 32 
33 20 8 33 
33 20 8 34 
33 20 8 35 
33 20 9 35 
33 20 9 36 
33 20 9 37 
33 20 10 37 
33 20 10 38 
33 20 11 38 
33 20 11 37 
33 20 10 37 
33 20 10 38 
33 20 10 39 

41 28 7 46 
41 28 7 45 
41 28 6 45 
41 28 6 46 
41 28 7 46 
41 28 7 47 
41 28 8 47 
41 28 8 46 
41 28 7 46 
41 28 7 47 
41 28 6 47 
41 28 5 47 
41 28 4 47 
41 28 4 46 
41 28 3 46 
41 28 3 45 
41 28 4 45 
41 28 5 45 
41 28 5 44 
41 28 6 44 
41 28 7 44 

7 25 37 8 
7 25 37 7 
7 25 38 7 
7 25 38 8 
7 25 37 8 
7 25 37 7 
7 25 38 7 
7 25 38 6 
7 25 37 6 
7 25 37 5 
7 25 37 4 
7 25 37 3 
7 25 37 2 
7 25 37 1 
7 25 38 1 
7 25 38 2 
7 25 39 2 
7 25 40 2 
7 25 40 1 
7 25 39 1 
7 25 38 1 

19 33 26 9 
19 33 27 9 
19 33 28 9 
19 33 29 9 
19 33 29 10 
19 33 28 10 
19 33 28 11 
19 33 27 11 
19 33 27 12 
19 33 28 12 
19 33 29 12 
19 33 29 13 
19 33 28 13 
19 33 27 13 
19 33 27 12 
19 33 27 11 
19 33 28 11 
19 33 28 12 
19 33 27 12 
19 33 27 11 
19 33 27 10 

20 20 18 10 
20 20 17 10 
20 20 17 9 
20 20 16 9 
20 20 16 8 
20 20 17 8 
20 20 17 9 
20 20 16 9 
20 20 15 9 
20 20 15 8 
20 20 15 7 
20 20 16 7 
20 20 16 8 
20 20 16 9 
20 20 16 10 
20 20 16 11 
20 20 16 12 
20 20 16 13 
20 20 17 13 
20 20 18 13 
20 20 18 12 

16 15 24 26 
16 15 23 26 
16 15 23 27 
16 15 24 27 
16 15 24 28 
16 15 23 28 
16 15 22 28 
16 15 22 27 
16 15 22 26 
16 15 21 26 
16 15 20 26 
16 15 19 26 
16 15 19 27 
16 15 18 27 
16 15 17 27 
16 15 17 26 
16 15 16 26 
16 15 16 25 
16 15 17 25 
16 15 17 24 
16 15 17 23 

45 43 47 5 
45 43 47 6 
45 43 48 6 
45 43 48 7 
45 43 48 8 
45 43 48 9 
45 43 47 9 
45 43 47 8 
45 43 46 8 
45 43 45 8 
45 43 45 9 
45 43 46 9 
45 43 47 9 
45 43 47 8 
45 43 46 8 
45 43 46 9 
45 43 47 9 
45 43 47 8 
45 43 47 7 
45 43 46 7 
45 43 46 8 

25 39 17 10 
25 39 18 10 
25 39 18 9 
25 39 18 8 
25 39 19 8 
25 39 19 7 
25 39 18 7 
25 39 18 8 
25 39 17 8 
25 39 16 8 
25 39 16 7 
25 39 16 6 
25 39 15 6 
25 39 15 7 
25 39 14 7 
25 39 14 6 
25 39 15 6 
25 39 16 6 
25 39 16 7 
25 39 15 7 
25 39 15 6 

31 8 31 3 
31 8 32 3 
31 8 32 4 
31 8 33 4 
31 8 33 5 
31 8 32 5 
31 8 32 4 
31 8 31 4 
31 8 30 4 
31 8 30 5 
31 8 29 5 
31 8 29 6 
31 8 28 6 
31 8 27 6 
31 8 26 6 
31 8 26 7 
31 8 27 7 
31 8 28 7 
31 8 29 7 
31 8 29 8 
31 8 30 8 

37 45 8 17 
37 45 9 17 
37 45 9 16 
37 45 10 16 
37 45 10 17 
37 45 11 17 
37 45 11 18 
37 45 11 19 
37 45 12 19 
37 45 12 18 
37 45 12 17 
37 45 11 17 
37 45 11 16 
37 45 12 16 
37 45 12 15 
37 45 13 15 
37 45 14 15 
37 45 14 14 
37 45 13 14 
37 45 13 15 
37 45 13 16 

31 22 22 39 
31 22 23 39 
31 22 23 38 
31 22 22 38 
31 22 22 37 
31 22 21 37 
31 22 20 37 
31 22 20 36 
31 22 19 36 
31 22 19 35 
31 22 20 35 
31 22 20 36 
31 22 21 36 
31 22 21 37 
31 22 22 37 
31 22 22 36 
31 22 23 36 
31 22 23 35 
31 22 23 34 
31 22 23 33 
31 22 22 33 

30 27 7 47 
30 27 8 47 
30 27 8 46 
30 27 7 46 
30 27 7 45 
30 27 8 45 
30 27 9 45 
30 27 9 46 
30 27 10 46 
30 27 10 47 
30 27 9 47 
30 27 8 47 
30 27 8 46 
30 27 9 46 
30 27 9 47 
30 27 8 47 
30 27 7 47 
30 27 7 46 
30 27 7 45 
30 27 6 45 
30 27 5 45 

1 6 32 15 
1 6 33 15 
1 6 34 15 
1 6 34 14 
1 6 34 13 
1 6 33 13 
1 6 32 13 
1 6 32 14 
1 6 33 14 
1 6 33 13 
1 6 32 13 
1 6 32 12 
1 6 32 11 
1 6 31 11 
1 6 30 11 
1 6 29 11 
1 6 29 10 
1 6 28 10 
1 6 28 9 
1 6 28 8 
1 6 27 8 

20 41 3 24 
20 41 4 24 
20 41 5 24 
20 41 5 25 
20 41 5 26 
20 41 5 27 
20 41 4 27 
20 41 3 27 
20 41 3 26 
20 41 3 25 
20 41 2 25 
20 41 2 26 
20 41 2 27 
20 41 3 27 
20 41 3 28 
20 41 3 29 
20 41 3 30 
20 41 2 30 
20 41 2 29 
20 41 3 29 
20 41 3 30 

5 28 17 30 
5 28 16 30 
5 28 16 31 
5 28 17 31 
5 28 18 31 
5 28 18 32 
5 28 19 32 
5 28 19 31 
5 28 18 31 
5 28 17 31 
5 28 17 30 
5 28 18 30 
5 28 19 30 
5 28 20 30 
5 28 21 30 
5 28 21 31 
5 28 22 31 
5 28 22 30 
5 28 23 30 
5 28 24 30 
5 28 25 30 

33 46 25 20 
33 46 26 20 
33 46 26 21 
33 46 26 22 
33 46 26 23 
33 46 26 24 
33 46 27 24 
33 46 27 23 
33 46 26 23 
33 46 26 22 
33 46 26 21 
33 46 27 21 
33 46 27 20 
33 46 28 20 
33 46 29 20 
33 46 29 19 
33 46 29 18 
33 46 30 18 
33 46 30 17 
33 46 31 17 
33 46 31 16 

20 4 1 36 
20 4 2 36 
20 4 2 37 
20 4 2 38 
20 4 2 39 
20 4 3 39 
20 4 3 38 
20 4 2 38 
20 4 2 37 
20 4 2 36 
20 4 2 35 
20 4 3 35 
20 4 4 35 
20 4 4 34 
20 4 5 34 
20 4 6 34 
20 4 7 34 
20 4 7 33 
20 4 7 32 
20 4 6 32 
20 4 6 33 

9 13 28 40 
9 13 28 41 
9 13 29 41 
9 13 29 42 
9 13 28 42 
9 13 28 43 
9 13 29 43 
9 13 30 43 
9 13 30 42 
9 13 31 42 
9 13 31 41 
9 13 32 41 
9 13 32 40 
9 13 32 39 
9 13 32 38 
9 13 31 38 
9 13 31 37 
9 13 32 37 
9 13 32 36 
9 13 33 36 
9 13 33 35 

6 19 1 45 
6 19 1 46 
6 19 1 47 
6 19 2 47 
6 19 3 47 
6 19 4 47 
6 19 5 47 
6 19 5 46 
6 19 5 45 
6 19 6 45 
6 19 7 45 
6 19 7 44 
6 19 8 44 
6 19 8 43 
6 19 9 43 
6 19 9 44 
6 19 8 44 
6 19 7 44 
6 19 6 44 
6 19 6 45 
6 19 5 45 

9 11 26 19 
9 11 27 19 
9 11 28 19 
9 11 29 19 
9 11 29 20 
9 11 29 21 
9 11 29 22 
9 11 29 23 
9 11 29 24 
9 11 29 25 
9 11 29 26 
9 11 29 27 
9 11 30 27 
9 11 31 27 
9 11 32 27 
9 11 32 28 
9 11 31 28 
9 11 31 27 
9 11 32 27 
9 11 33 27 
9 11 33 28 

33 16 20 2 
33 16 20 1 
33 16 19 1 
33 16 19 2 
33 16 20 2 
33 16 20 3 
33 16 20 4 
33 16 20 5 
33 16 19 5 
33 16 18 5 
33 16 18 4 
33 16 18 3 
33 16 19 3 
33 16 20 3 
33 16 20 4 
33 16 19 4 
33 16 19 5 
33 16 19 6 
33 16 19 7 
33 16 19 8 
33 16 18 8 

6 40 27 43 
6 40 27 44 
6 40 26 44 
6 40 26 43 
6 40 25 43 
6 40 24 43 
6 40 24 44 
6 40 23 44 
6 40 23 43 
6 40 23 42 
6 40 22 42 
6 40 21 42 
6 40 21 41 
6 40 21 40 
6 40 21 39 
6 40 22 39 
6 40 22 40 
6 40 21 40 
6 40 21 41 
6 40 20 41 
6 40 20 42 

5 29 44 17 
5 29 43 17 
5 29 43 18 
5 29 43 19 
5 29 44 19 
5 29 44 20 
5 29 45 20 
5 29 45 19 
5 29 45 18 
5 29 46 18 
5 29 47 18 
5 29 47 17 
5 29 48 17 
5 29 48 16 
5 29 47 16 
5 29 47 15 
5 29 47 14 
5 29 46 14 
5 29 46 15 
5 29 47 15 
5 29 47 14 

37 33 20 33 
37 33 19 33 
37 33 18 33 
37 33 18 32 
37 33 18 31 
37 33 18 30 
37 33 19 30 
37 33 19 29 
37 33 19 28 
37 33 19 27 
37 33 18 27 
37 33 18 28 
37 33 18 29 
37 33 17 29 
37 33 17 28 
37 33 18 28 
37 33 18 27 
37 33 19 27 
37 33 20 27 
37 33 20 26 
37 33 20 25 

48 26 26 10 
48 26 26 11 
48 26 26 12 
48 26 27 12 
48 26 28 12 
48 26 28 11 
48 26 28 10 
48 26 29 10 
48 26 29 9 
48 26 29 8 
48 26 29 7 
48 26 29 6 
48 26 28 6 
48 26 28 7 
48 26 29 7 
48 26 30 7 
48 26 30 6 
48 26 31 6 
48 26 31 5 
48 26 32 5 
48 26 32 6 

45 17 18 3 
45 17 17 3 
45 17 16 3 
45 17 16 4 
45 17 16 5 
45 17 17 5 
45 17 18 5 
45 17 18 4 
45 17 18 3 
45 17 19 3 
45 17 20 3 
45 17 21 3 
45 17 21 2 
45 17 22 2 
45 17 23 2 
45 17 23 3 
45 17 22 3 
45 17 22 4 
45 17 23 4 
45 17 23 5 
45 17 24 5 

39 40 24 23 
39 40 23 23 
39 40 22 23 
39 40 21 23 
39 40 21 24 
39 40 22 24 
39 40 22 23 
39 40 23 23 
39 40 23 24 
39 40 23 25 
39 40 22 25 
39 40 22 24 
39 40 22 23 
39 40 22 22 
39 40 22 21 
39 40 22 20 
39 40 21 20 
39 40 21 19 
39 40 20 19 
39 40 19 19 
39 40 19 20 

14 43 1 41 
14 43 1 42 
14 43 1 43 
14 43 2 43 
14 43 2 44 
14 43 1 44 
14 43 1 45 
14 43 1 46 
14 43 2 46 
14 43 3 46 
14 43 3 45 
14 43 4 45 
14 43 4 46 
14 43 5 46 
14 43 5 47 
14 43 4 47 
14 43 4 46 
14 43 3 46 
14 43 2 46 
14 43 2 47 
14 43 1 47 

20 1 42 27 
20 1 41 27 
20 1 40 27 
20 1 39 27 
20 1 38 27 
20 1 38 28 
20 1 38 29 
20 1 37 29 
20 1 37 30 
20 1 37 31 
20 1 37 32 
20 1 36 32 
20 1 36 33 
20 1 36 34 
20 1 36 35 
20 1 35 35 
20 1 35 34 
20 1 36 34 
20 1 36 35 
20 1 36 36 
20 1 37 36 

44 8 45 1 
44 8 45 2 
44 8 46 2 
44 8 47 2 
44 8 47 1 
44 8 48 1 
44 8 48 2 
44 8 47 2 
44 8 46 2 
44 8 46 1 
44 8 45 1 
44 8 44 1 
44 8 43 1 
44 8 43 2 
44 8 43 3 
44 8 43 4 
44 8 44 4 
44 8 44 3 
44 8 43 3 
44 8 43 2 
44 8 44 2 

37 46 25 38 
37 46 25 39 
37 46 26 39 
37 46 26 38 
37 46 26 37 
37 46 26 36 
37 46 26 35 
37 46 26 34 
37 46 25 34 
37 46 25 35 
37 46 26 35 
37 46 26 34 
37 46 27 34 
37 46 28 34 
37 46 28 35 
37 46 27 35 
37 46 27 34 
37 46 27 33 
37 46 26 33 
37 46 26 32 
37 46 26 31 

20 19 9 5 
20 19 9 4 
20 19 9 3 
20 19 9 2 
20 19 9 1 
20 19 8 1 
20 19 8 2 
20 19 7 2 
20 19 7 1 
20 19 8 1 
20 19 9 1 
20 19 10 1 
20 19 10 2 
20 19 9 2 
20 19 9 1 
20 19 8 1 
20 19 7 1 
20 19 6 1 
20 19 5 1 
20 19 5 2 
20 19 4 2 

41 45 32 38 
41 45 32 39 
41 45 33 39 
41 45 33 38 
41 45 32 38 
41 45 32 37 
41 45 33 37 
41 45 34 37 
41 45 34 36 
41 45 34 35 
41 45 33 35 
41 45 32 35 
41 45 32 36 
41 45 31 36 
41 45 31 37 
41 45 30 37 
41 45 30 36 
41 45 31 36 
41 45 31 37 
41 45 32 37 
41 45 33 37 

45 4 11 47 
45 4 12 47 
45 4 13 47 
45 4 13 46 
45 4 14 46 
45 4 15 46 
45 4 15 47 
45 4 14 47 
45 4 13 47 
45 4 13 46 
45 4 14 46 
45 4 15 46 
45 4 15 45 
45 4 16 45 
45 4 17 45 
45 4 17 44 
45 4 17 43 
45 4 16 43 
45 4 16 42 
45 4 17 42 
45 4 18 42 

28 40 24 47 
28 40 24 46 
28 40 25 46 
28 40 25 47 
28 40 24 47 
28 40 24 46 
28 40 23 46 
28 40 23 45 
28 40 24 45 
28 40 24 44 
28 40 24 43 
28 40 25 43 
28 40 25 42 
28 40 25 41 
28 40 24 41 
28 40 24 42 
28 40 24 43 
28 40 25 43 
28 40 25 42 
28 40 25 41 
28 40 26 41 

46 31 27 1 
46 31 26 1 
46 31 26 2 
46 31 25 2 
46 31 24 2 
46 31 24 1 
46 31 25 1 
46 31 26 1 
46 31 26 2 
46 31 25 2 
46 31 24 2 
46 31 23 2 
46 31 23 3 
46 31 24 3 
46 31 24 4 
46 31 23 4 
46 31 22 4 
46 31 22 5 
46 31 22 6 
46 31 22 7 
46 31 22 8 

48 23 17 10 
48 23 17 9 
48 23 18 9 
48 23 19 9 
48 23 19 10 
48 23 20 10 
48 23 20 9 
48 23 19 9 
48 23 19 8 
48 23 19 7 
48 23 20 7 
48 23 21 7 
48 23 22 7 
48 23 22 8 
48 23 21 8 
48 23 20 8 
48 23 20 9 
48 23 20 10 
48 23 19 10 
48 23 18 10 
48 23 18 9 

9 42 36 14 
9 42 35 14 
9 42 35 15 
9 42 34 15 
9 42 34 14 
9 42 33 14 
9 42 32 14 
9 42 32 15 
9 42 31 15 
9 42 31 16 
9 42 32 16 
9 42 32 15 
9 42 32 14 
9 42 32 13 
9 42 31 13 
9 42 31 12 
9 42 31 11 
9 42 31 10 
9 42 30 10 
9 42 30 9 
9 42 31 9 

13 4 23 42 
13 4 22 42 
13 4 22 41 
13 4 21 41 
13 4 20 41 
13 4 19 41 
13 4 19 40 
13 4 18 40 
13 4 17 40 
13 4 17 39 
13 4 18 39 
13 4 18 38 
13 4 19 38 
13 4 19 37 
13 4 18 37 
13 4 18 38 
13 4 17 38 
13 4 16 38 
13 4 15 38 
13 4 15 39 
13 4 16 39 

18 7 42 5 
18 7 42 4 
18 7 42 3 
18 7 41 3 
18 7 40 3 
18 7 40 4 
18 7 40 5 
18 7 40 6 
18 7 39 6 
18 7 38 6 
18 7 38 7 
18 7 37 7 
18 7 37 6 
18 7 37 5 
18 7 37 4 
18 7 38 4 
18 7 38 3 
18 7 38 2 
18 7 37 2 
18 7 37 1 
18 7 36 1 

22 15 9 41 
22 15 9 42 
22 15 9 43 
22 15 9 44 
22 15 9 45 
22 15 8 45 
22 15 7 45 
22 15 6 45 
22 15 6 46 
22 15 7 46 
22 15 8 46 
22 15 8 47 
22 15 7 47 
22 15 7 46 
22 15 8 46 
22 15 8 45 
22 15 8 44 
22 15 9 44 
22 15 9 43 
22 15 10 43 
22 15 10 44 

9 5 36 19 
9 5 36 18 
9 5 36 17 
9 5 36 16 
9 5 36 15 
9 5 36 14 
9 5 36 13 
9 5 35 13 
9 5 35 14 
9 5 34 14 
9 5 33 14 
9 5 33 15 
9 5 33 16 
9 5 34 16 
9 5 35 16 
9 5 36 16 
9 5 37 16 
9 5 37 15 
9 5 38 15 
9 5 38 16 
9 5 37 16 

42 47 40 44 
42 47 40 43 
42 47 40 42 
42 47 41 42 
42 47 41 41 
42 47 42 41 
42 47 42 40 
42 47 42 39 
42 47 43 39 
42 47 44 39 
42 47 45 39 
42 47 46 39 
42 47 46 40 
42 47 45 40 
42 47 45 39 
42 47 46 39 
42 47 46 38 
42 47 46 37 
42 47 45 37 
42 47 44 37 
42 47 43 37 

15 34 42 21 
15 34 43 21 
15 34 43 20 
15 34 42 20 
15 34 42 21 
15 34 41 21 
15 34 40 21 
15 34 40 22 
15 34 40 23 
15 34 40 24 
15 34 41 24 
15 34 42 24 
15 34 43 24 
15 34 43 25 
15 34 42 25 
15 34 41 25 
15 34 41 26 
15 34 42 26 
15 34 42 25 
15 34 43 25 
15 34 43 24 

34 18 30 12 
34 18 29 12 
34 18 29 13 
34 18 30 13 
34 18 30 12 
34 18 31 12 
34 18 32 12 
34 18 32 13 
34 18 33 13 
34 18 34 13 
34 18 34 12 
34 18 33 12 
34 18 32 12 
34 18 32 13 
34 18 32 14 
34 18 32 15 
34 18 33 15 
34 18 33 14 
34 18 34 14 
34 18 34 15 
34 18 35 15 

45 44 12 24 
45 44 11 24 
45 44 11 23 
45 44 10 23 
45 44 9 23 
45 44 9 22 
45 44 10 22 
45 44 11 22 
45 44 12 22 
45 44 12 23 
45 44 13 23 
45 44 13 22 
45 44 13 21 
45 44 12 21 
45 44 11 21 
45 44 10 21 
45 44 9 21 
45 44 8 21 
45 44 7 21 
45 44 7 20 
45 44 6 20 

48 26 11 42 
48 26 11 43 
48 26 10 43 
48 26 10 42 
48 26 10 41 
48 26 9 41 
48 26 8 41 
48 26 8 40 
48 26 8 39 
48 26 8 38 
48 26 8 37 
48 26 8 36 
48 26 9 36 
48 26 9 35 
48 26 9 34 
48 26 10 34 
48 26 10 35 
48 26 10 36 
48 26 9 36 
48 26 9 35 
48 26 9 34 

33 2 12 15 
33 2 12 16 
33 2 12 17 
33 2 13 17 
33 2 13 16 
33 2 13 15 
33 2 13 14 
33 2 13 13 
33 2 13 12 
33 2 14 12 
33 2 14 11 
33 2 14 10 
33 2 15 10 
33 2 15 9 
33 2 15 8 
33 2 16 8 
33 2 17 8 
33 2 18 8 
33 2 18 9 
33 2 17 9 
33 2 17 8 

40 11 9 16 
40 11 9 15 
40 11 10 15 
40 11 11 15 
40 11 12 15 
40 11 12 14 
40 11 12 13 
40 11 11 13 
40 11 11 12 
40 11 11 11 
40 11 10 11 
40 11 9 11 
40 11 8 11 
40 11 8 10 
40 11 9 10 
40 11 9 9 
40 11 9 8 
40 11 8 8 
40 11 8 9 
40 11 8 10 
40 11 7 10 

22 36 47 33 
22 36 46 33 
22 36 45 33 
22 36 44 33 
22 36 44 32 
22 36 44 31 
22 36 44 30 
22 36 45 30 
22 36 46 30 
22 36 47 30 
22 36 47 29 
22 36 48 29 
22 36 48 28 
22 36 48 27 
22 36 48 26 
22 36 48 25 
22 36 47 25 
22 36 47 24 
22 36 46 24 
22 36 45 24 
22 36 45 23 

1 33 20 26 
1 33 19 26 
1 33 18 26 
1 33 18 27 
1 33 18 28 
1 33 19 28 
1 33 19 27 
1 33 18 27 
1 33 17 27 
1 33 17 28 
1 33 18 28 
1 33 18 29 
1 33 18 30 
1 33 19 30 
1 33 20 30 
1 33 20 29 
1 33 21 29 
1 33 22 29 
1 33 22 30 
1 33 21 30 
1 33 20 30 

41 1 12 3 
41 1 11 3 
41 1 10 3 
41 1 9 3 
41 1 8 3 
41 1 7 3 
41 1 6 3 
41 1 5 3 
41 1 5 4 
41 1 6 4 
41 1 6 5 
41 1 5 5 
41 1 5 4 
41 1 5 3 
41 1 4 3 
41 1 4 2 
41 1 4 1 
41 1 5 1 
41 1 5 2 
41 1 4 2 
41 1 3 2 

11 31 45 11 
11 31 46 11 
11 31 46 12 
11 31 45 12 
11 31 45 13 
11 31 45 14 
11 31 45 15 
11 31 44 15 
11 31 44 16 
11 31 45 16 
11 31 45 15 
11 31 45 14 
11 31 46 14 
11 31 46 15 
11 31 47 15 
11 31 48 15 
11 31 48 14 
11 31 48 13 
11 31 47 13 
11 31 47 12 
11 31 47 11 

46 26 22 16 
46 26 22 17 
46 26 23 17 
46 26 23 18 
46 26 24 18 
46 26 25 18 
46 26 26 18 
46 26 27 18 
46 26 27 19 
46 26 27 20 
46 26 28 20 
46 26 29 20 
46 26 29 19 
46 26 30 19 
46 26 30 20 
46 26 31 20 
46 26 32 20 
46 26 32 19 
46 26 31 19 
46 26 30 19 
46 26 29 19 

17 46 44 32 
17 46 44 31 
17 46 45 31 
17 46 45 32 
17 46 44 32 
17 46 44 31 
17 46 43 31 
17 46 43 30 
17 46 44 30 
17 46 45 30 
17 46 45 31 
17 46 46 31 
17 46 46 32 
17 46 45 32 
17 46 45 33 
17 46 46 33 
17 46 47 33 
17 46 47 34 
17 46 48 34 
17 46 48 33 
17 46 48 32 

20 30 18 1 
20 30 18 2 
20 30 19 2 
20 30 19 1 
20 30 20 1 
20 30 21 1 
20 30 21 2 
20 30 20 2 
20 30 20 1 
20 30 19 1 
20 30 18 1 
20 30 18 2 
20 30 19 2 
20 30 20 2 
20 30 20 1 
20 30 19 1 
20 30 19 2 
20 30 18 2 
20 30 18 1 
20 30 19 1 
20 30 19 2 

24 5 9 46 
24 5 10 46 
24 5 10 47 
24 5 11 47 
24 5 11 46 
24 5 12 46 
24 5 12 45 
24 5 11 45 
24 5 10 45 
24 5 10 46 
24 5 9 46 
24 5 9 47 
24 5 8 47 
24 5 8 46 
24 5 7 46 
24 5 6 46 
24 5 6 47 
24 5 5 47 
24 5 4 47 
24 5 3 47 
24 5 3 46 

9 25 29 6 
9 25 30 6 
9 25 30 7 
9 25 29 7 
9 25 29 8 
9 25 30 8 
9 25 30 7 
9 25 30 6 
9 25 29 6 
9 25 29 7 
9 25 30 7 
9 25 31 7 
9 25 32 7 
9 25 33 7 
9 25 34 7 
9 25 34 6 
9 25 35 6 
9 25 35 7 
9 25 35 8 
9 25 36 8 
9 25 37 8 

20 45 3 14 
20 45 3 15 
20 45 2 15 
20 45 2 16 
20 45 1 16 
20 45 1 17 
20 45 1 18 
20 45 2 18 
20 45 3 18 
20 45 3 19 
20 45 2 19 
20 45 2 20 
20 45 1 20 
20 45 1 21 
20 45 2 21 
20 45 3 21 
20 45 4 21 
20 45 4 22 
20 45 3 22 
20 45 2 22 
20 45 1 22 

9 13 23 44 
9 13 24 44 
9 13 25 44 
9 13 25 45 
9 13 26 45 
9 13 27 45 
9 13 27 44 
9 13 27 43 
9 13 28 43 
9 13 28 42 
9 13 28 41 
9 13 29 41 
9 13 30 41 
9 13 30 42 
9 13 29 42 
9 13 29 41 
9 13 29 40 
9 13 29 39 
9 13 29 38 
9 13 30 38 
9 13 31 38 

7 30 33 10 
7 30 34 10 
7 30 35 10 
7 30 36 10 
7 30 37 10 
7 30 37 11 
7 30 36 11 
7 30 36 12 
7 30 35 12 
7 30 34 12 
7 30 33 12 
7 30 32 12 
7 30 32 13 
7 30 33 13 
7 30 34 13 
7 30 34 12 
7 30 35 12 
7 30 36 12 
7 30 36 13 
7 30 35 13 
7 30 35 14 

3 44 44 18 
3 44 43 18 
3 44 42 18 
3 44 42 17 
3 44 42 16 
3 44 42 15 
3 44 41 15 
3 44 40 15 
3 44 39 15 
3 44 39 14 
3 44 39 13 
3 44 39 12 
3 44 39 11 
3 44 38 11 
3 44 38 12 
3 44 39 12 
3 44 39 11 
3 44 40 11 
3 44 40 10 
3 44 39 10 
3 44 39 9 

36 3 25 10 
36 3 24 10 
36 3 24 11 
36 3 23 11 
36 3 23 10 
36 3 23 9 
36 3 23 8 
36 3 24 8 
36 3 25 8 
36 3 25 7 
36 3 26 7 
36 3 27 7 
36 3 27 8 
36 3 26 8 
36 3 25 8 
36 3 25 7 
36 3 26 7 
36 3 26 6 
36 3 25 6 
36 3 24 6 
36 3 24 7 

8 9 37 10 
8 9 37 11 
8 9 38 11 
8 9 39 11 
8 9 39 12 
8 9 38 12 
8 9 38 13 
8 9 39 13 
8 9 39 12 
8 9 38 12 
8 9 38 13 
8 9 39 13 
8 9 40 13 
8 9 40 14 
8 9 40 15 
8 9 39 15 
8 9 39 16 
8 9 39 17 
8 9 38 17 
8 9 37 17 
8 9 37 18 

29 33 18 45 
29 33 17 45 
29 33 17 44 
29 33 18 44 
29 33 18 43 
29 33 19 43 
29 33 20 43 
29 33 20 44 
29 33 20 45 
29 33 19 45 
29 33 19 44 
29 33 20 44 
29 33 20 43 
29 33 21 43 
29 33 21 44 
29 33 21 45 
29 33 22 45 
29 33 23 45 
29 33 24 45 
29 33 24 46 
29 33 25 46 

6 46 7 12 
6 46 7 13 
6 46 8 13 
6 46 8 12 
6 46 9 12 
6 46 9 11 
6 46 8 11 
6 46 8 12 
6 46 7 12 
6 46 6 12 
6 46 6 13 
6 46 5 13 
6 46 5 12 
6 46 4 12 
6 46 3 12 
6 46 3 13 
6 46 2 13 
6 46 1 13 
6 46 1 14 
6 46 1 15 
6 46 1 16 

36 10 12 23 
36 10 11 23 
36 10 10 23 
36 10 10 24 
36 10 11 24 
36 10 12 24 
36 10 13 24 
36 10 14 24 
36 10 14 25 
36 10 14 26 
36 10 15 26 
36 10 15 27 
36 10 15 28 
36 10 16 28 
36 10 17 28 
36 10 17 29 
36 10 18 29 
36 10 19 29 
36 10 19 28 
36 10 20 28 
36 10 21 28 

8 4 42 43 
8 4 42 42 
8 4 41 42 
8 4 41 43 
8 4 40 43 
8 4 40 42 
8 4 39 42 
8 4 39 43 
8 4 40 43 
8 4 40 42 
8 4 41 42 
8 4 42 42 
8 4 42 43 
8 4 42 44 
8 4 41 44 
8 4 41 45 
8 4 42 45 
8 4 43 45 
8 4 43 44 
8 4 44 44 
8 4 44 43 

22 14 24 7 
22 14 24 8 
22 14 25 8 
22 14 25 7 
22 14 26 7 
22 14 27 7 
22 14 27 8 
22 14 26 8 
22 14 25 8 
22 14 25 9 
22 14 25 10 
22 14 24 10 
22 14 24 9 
22 14 25 9 
22 14 25 8 
22 14 24 8 
22 14 24 9 
22 14 23 9 
22 14 22 9 
22 14 22 8 
22 14 22 7 

6 18 7 28 
6 18 6 28 
6 18 6 29 
6 18 6 30 
6 18 7 30 
6 18 8 30 
6 18 8 31 
6 18 8 32 
6 18 8 33 
6 18 8 34 
6 18 7 34 
6 18 6 34 
6 18 6 33 
6 18 7 33 
6 18 7 32 
6 18 8 32 
6 18 8 31 
6 18 9 31 
6 18 10 31 
6 18 10 32 
6 18 10 33 

5 2 22 17 
5 2 22 18 
5 2 23 18 
5 2 23 17 
5 2 23 16 
5 2 24 16 
5 2 24 17 
5 2 24 18 
5 2 25 18 
5 2 25 17 
5 2 25 16 
5 2 24 16 
5 2 23 16 
5 2 22 16 
5 2 21 16 
5 2 21 15 
5 2 22 15 
5 2 22 16 
5 2 22 17 
5 2 23 17 
5 2 23 16 

45 32 12 30 
45 32 12 31 
45 32 12 32 
45 32 13 32 
45 32 14 32 
45 32 14 33 
45 32 14 34 
45 32 14 35 
45 32 14 36 
45 32 14 37 
45 32 14 38 
45 32 13 38 
45 32 13 37 
45 32 13 36 
45 32 13 35 
45 32 13 34 
45 32 14 34 
45 32 14 35 
45 32 13 35 
45 32 13 36 
45 32 13 37 

20 28 1 40 
20 28 2 40 
20 28 2 39 
20 28 3 39 
20 28 3 38 
20 28 2 38 
20 28 1 38 
20 28 1 39 
20 28 2 39 
20 28 2 40 
20 28 1 40 
20 28 1 41 
20 28 1 42 
20 28 2 42 
20 28 2 41 
20 28 2 40 
20 28 2 39 
20 28 3 39 
20 28 3 38 
20 28 3 37 
20 28 2 37 

46 38 5 29 
46 38 6 29 
46 38 6 28 
46 38 7 28 
46 38 8 28 
46 38 8 27 
46 38 7 27 
46 38 6 27 
46 38 6 26 
46 38 7 26 
46 38 7 27 
46 38 6 27 
46 38 5 27 
46 38 4 27 
46 38 4 28 
46 38 5 28 
46 38 6 28 
46 38 6 29 
46 38 6 30 
46 38 6 31 
46 38 5 31 

42 6 10 1 
42 6 11 1 
42 6 11 2 
42 6 12 2 
42 6 12 3 
42 6 11 3 
42 6 10 3 
42 6 9 3 
42 6 9 4 
42 6 10 4 
42 6 10 5 
42 6 9 5 
42 6 8 5 
42 6 8 4 
42 6 9 4 
42 6 10 4 
42 6 10 5 
42 6 11 5 
42 6 11 4 
42 6 10 4 
42 6 9 4 

1 44 43 43 
1 44 43 44 
1 44 43 45 
1 44 43 46 
1 44 43 47 
1 44 44 47 
1 44 44 46 
1 44 45 46 
1 44 45 47 
1 44 46 47 
1 44 47 47 
1 44 48 47 
1 44 48 46 
1 44 48 45 
1 44 47 45 
1 44 46 45 
1 44 46 46 
1 44 47 46 
1 44 47 47 
1 44 46 47 
1 44 45 47 

6 6 37 6 
6 6 37 5 
6 6 37 4 
6 6 38 4 
6 6 39 4 
6 6 40 4 
6 6 40 3 
6 6 40 2 
6 6 40 1 
6 6 39 1 
6 6 38 1 
6 6 37 1 
6 6 36 1 
6 6 35 1 
6 6 35 2 
6 6 34 2 
6 6 34 3 
6 6 34 4 
6 6 33 4 
6 6 33 3 
6 6 33 2 

30 24 35 16 
30 24 35 17 
30 24 36 17 
30 24 36 18 
30 24 36 19 
30 24 37 19 
30 24 37 18 
30 24 37 17 
30 24 38 17 
30 24 38 16 
30 24 37 16 
30 24 37 15 
30 24 36 15 
30 24 35 15 
30 24 35 16 
30 24 35 17 
30 24 36 17 
30 24 36 18 
30 24 35 18 
30 24 34 18 
30 24 34 19 

21 38 46 8 
21 38 46 7 
21 38 46 6 
21 38 45 6 
21 38 44 6 
21 38 43 6 
21 38 43 5 
21 38 42 5 
21 38 41 5 
21 38 41 6 
21 38 42 6 
21 38 43 6 
21 38 44 6 
21 38 44 5 
21 38 45 5 
21 38 46 5 
21 38 46 6 
21 38 46 7 
21 38 47 7 
21 38 47 6 
21 38 48 6 

6 17 14 21 
6 17 14 20 
6 17 13 20 
6 17 12 20 
6 17 12 21 
6 17 12 22 
6 17 13 22 
6 17 13 21 
6 17 14 21 
6 17 14 22 
6 17 14 23 
6 17 14 24 
6 17 14 25 
6 17 14 26 
6 17 14 27 
6 17 13 27 
6 17 12 27 
6 17 12 26 
6 17 11 26 
6 17 11 27 
6 17 11 28 

37 47 43 28 
37 47 43 27 
37 47 42 27 
37 47 42 26 
37 47 43 26 
37 47 43 27 
37 47 42 27 
37 47 42 28 
37 47 42 29 
37 47 43 29 
37 47 44 29 
37 47 44 28 
37 47 45 28 
37 47 45 27 
37 47 45 26 
37 47 44 26 
37 47 43 26 
37 47 43 27 
37 47 43 28 
37 47 42 28 
37 47 42 29 

39 17 25 20 
39 17 26 20 
39 17 27 20 
39 17 27 21 
39 17 28 21 
39 17 28 20 
39 17 29 20 
39 17 30 20 
39 17 30 19 
39 17 30 18 
39 17 29 18 
39 17 28 18 
39 17 27 18 
39 17 26 18 
39 17 26 17 
39 17 27 17 
39 17 27 18 
39 17 28 18 
39 17 29 18 
39 17 29 19 
39 17 29 20 

39 44 25 5 
39 44 25 4 
39 44 24 4 
39 44 24 3 
39 44 24 2 
39 44 25 2 
39 44 26 2 
39 44 26 1 
39 44 25 1 
39 44 24 1 
39 44 23 1 
39 44 23 2 
39 44 24 2 
39 44 24 3 
39 44 25 3 
39 44 25 2 
39 44 24 2 
39 44 23 2 
39 44 22 2 
39 44 21 2 
39 44 20 2 

41 23 8 29 
41 23 8 28 
41 23 8 27 
41 23 7 27 
41 23 7 26 
41 23 8 26 
41 23 9 26 
41 23 10 26 
41 23 10 25 
41 23 11 25 
41 23 11 24 
41 23 10 24 
41 23 10 25 
41 23 9 25 
41 23 9 26 
41 23 10 26 
41 23 10 25 
41 23 9 25 
41 23 8 25 
41 23 8 24 
41 23 7 24 

27 32 22 9 
27 32 23 9 
27 32 23 10 
27 32 23 11 
27 32 22 11 
27 32 21 11 
27 32 20 11 
27 32 19 11 
27 32 19 12 
27 32 18 12 
27 32 18 13 
27 32 18 14 
27 32 18 15 
27 32 18 16 
27 32 19 16 
27 32 19 17 
27 32 18 17 
27 32 18 16 
27 32 17 16 
27 32 17 15 
27 32 18 15 

35 4 9 35 
35 4 9 36 
35 4 8 36 
35 4 8 35 
35 4 9 35 
35 4 9 36 
35 4 10 36 
35 4 10 37 
35 4 9 37 
35 4 9 36 
35 4 10 36 
35 4 10 35 
35 4 11 35 
35 4 12 35 
35 4 13 35 
35 4 14 35 
35 4 14 36 
35 4 15 36 
35 4 15 35 
35 4 16 35 
35 4 17 35 

41 3 4 2 
41 3 5 2 
41 3 5 1 
41 3 6 1 
41 3 7 1 
41 3 7 2 
41 3 8 2 
41 3 9 2 
41 3 9 1 
41 3 10 1 
41 3 10 2 
41 3 9 2 
41 3 9 3 
41 3 8 3 
41 3 7 3 
41 3 7 2 
41 3 7 1 
41 3 6 1 
41 3 5 1 
41 3 4 1 
41 3 3 1 

10 36 45 44 
10 36 46 44 
10 36 46 45 
10 36 45 45 
10 36 44 45 
10 36 44 46 
10 36 45 46 
10 36 46 46 
10 36 46 45 
10 36 46 44 
10 36 46 43 
10 36 46 42 
10 36 47 42 
10 36 47 41 
10 36 46 41 
10 36 45 41 
10 36 45 42 
10 36 44 42 
10 36 44 43 
10 36 43 43 
10 36 43 44 

7 12 16 37 
7 12 16 36 
7 12 16 35 
7 12 17 35 
7 12 18 35 
7 12 18 36 
7 12 19 36 
7 12 19 37 
7 12 19 38 
7 12 18 38 
7 12 18 37 
7 12 17 37 
7 12 17 36 
7 12 16 36 
7 12 15 36 
7 12 15 37 
7 12 14 37 
7 12 13 37 
7 12 13 36 
7 12 13 35 
7 12 14 35 

14 1 4 6 
14 1 4 7 
14 1 5 7 
14 1 5 8 
14 1 6 8 
14 1 6 9 
14 1 6 10 
14 1 6 11 
14 1 7 11 
14 1 7 12 
14 1 6 12 
14 1 6 13 
14 1 7 13 
14 1 7 14 
14 1 6 14 
14 1 6 15 
14 1 5 15 
14 1 5 16 
14 1 5 17 
14 1 6 17 
14 1 7 17 

42 7 3 38 
42 7 3 37 
42 7 3 36 
42 7 3 35 
42 7 3 34 
42 7 4 34 
42 7 4 33 
42 7 5 33 
42 7 5 34 
42 7 5 35 
42 7 4 35 
42 7 4 36 
42 7 3 36 
42 7 2 36 
42 7 2 35 
42 7 3 35 
42 7 4 35 
42 7 4 36 
42 7 5 36 
42 7 5 35 
42 7 5 34 

23 32 41 18 
23 32 42 18 
23 32 43 18 
23 32 43 19 
23 32 42 19 
23 32 42 18 
23 32 41 18 
23 32 41 19 
23 32 40 19 
23 32 40 20 
23 32 39 20 
23 32 39 19 
23 32 40 19 
23 32 41 19 
23 32 42 19 
23 32 42 18 
23 32 42 17 
23 32 41 17 
23 32 41 18 
23 32 42 18 
23 32 43 18 