5 1 20 8 
5 1 20 7 
5 1 19 7 
5 1 19 6 
5 1 19 5 
5 1 18 5 
5 1 17 5 
5 1 17 4 
5 1 17 3 
5 1 16 3 
5 1 15 3 
5 1 14 3 
5 1 14 2 
5 1 14 1 
5 1 13 1 
5 1 12 1 
5 1 11 1 
5 1 10 1 
5 1 9 1 
5 1 8 1 
5 1 7 1 

22 20 7 11 
22 20 8 11 
22 20 8 12 
22 20 8 13 
22 20 8 14 
22 20 9 14 
22 20 10 14 
22 20 11 14 
22 20 11 15 
22 20 11 16 
22 20 11 17 
22 20 11 18 
22 20 12 18 
22 20 12 17 
22 20 13 17 
22 20 13 18 
22 20 13 19 
22 20 14 19 
22 20 15 19 
22 20 15 20 
22 20 16 20 

12 20 4 2 
12 20 4 1 
12 20 5 1 
12 20 6 1 
12 20 6 2 
12 20 6 3 
12 20 7 3 
12 20 7 2 
12 20 8 2 
12 20 9 2 
12 20 10 2 
12 20 10 3 
12 20 10 4 
12 20 10 5 
12 20 11 5 
12 20 12 5 
12 20 12 6 
12 20 12 7 
12 20 12 8 
12 20 12 9 
12 20 12 10 

21 5 11 12 
21 5 11 11 
21 5 11 10 
21 5 11 9 
21 5 12 9 
21 5 12 8 
21 5 13 8 
21 5 14 8 
21 5 14 7 
21 5 14 6 
21 5 15 6 
21 5 16 6 
21 5 16 7 
21 5 16 8 
21 5 17 8 
21 5 17 7 
21 5 17 6 
21 5 18 6 
21 5 18 5 
21 5 19 5 
21 5 20 5 

23 19 17 7 
23 19 17 8 
23 19 18 8 
23 19 18 9 
23 19 19 9 
23 19 19 10 
23 19 20 10 
23 19 20 11 
23 19 20 12 
23 19 21 12 
23 19 21 13 
23 19 22 13 
23 19 23 13 
23 19 23 14 
23 19 22 14 
23 19 22 15 
23 19 22 16 
23 19 23 16 
23 19 23 17 
23 19 23 18 
23 19 23 19 

4 1 13 15 
4 1 13 14 
4 1 13 13 
4 1 13 12 
4 1 13 11 
4 1 13 10 
4 1 13 9 
4 1 13 8 
4 1 12 8 
4 1 11 8 
4 1 11 7 
4 1 11 6 
4 1 11 5 
4 1 12 5 
4 1 12 4 
4 1 11 4 
4 1 10 4 
4 1 10 3 
4 1 10 2 
4 1 9 2 
4 1 8 2 

4 12 22 22 
4 12 21 22 
4 12 21 21 
4 12 22 21 
4 12 22 20 
4 12 22 19 
4 12 21 19 
4 12 21 18 
4 12 20 18 
4 12 19 18 
4 12 18 18 
4 12 18 17 
4 12 17 17 
4 12 17 18 
4 12 16 18 
4 12 16 17 
4 12 15 17 
4 12 14 17 
4 12 13 17 
4 12 13 16 
4 12 12 16 

4 18 19 22 
4 18 19 21 
4 18 18 21 
4 18 18 20 
4 18 17 20 
4 18 17 19 
4 18 16 19 
4 18 16 18 
4 18 15 18 
4 18 14 18 
4 18 13 18 
4 18 12 18 
4 18 11 18 
4 18 10 18 
4 18 9 18 
4 18 8 18 
4 18 7 18 
4 18 6 18 
4 18 6 19 
4 18 5 19 
4 18 4 19 

2 19 9 6 
2 19 8 6 
2 19 7 6 
2 19 7 5 
2 19 6 5 
2 19 6 6 
2 19 6 7 
2 19 5 7 
2 19 4 7 
2 19 3 7 
2 19 3 8 
2 19 2 8 
2 19 2 9 
2 19 2 10 
2 19 2 11 
2 19 2 12 
2 19 3 12 
2 19 3 13 
2 19 2 13 
2 19 2 14 
2 19 2 15 

18 4 10 19 
18 4 11 19 
18 4 11 18 
18 4 11 17 
18 4 12 17 
18 4 13 17 
18 4 14 17 
18 4 15 17 
18 4 16 17 
18 4 16 16 
18 4 16 15 
18 4 17 15 
18 4 17 14 
18 4 16 14 
18 4 16 13 
18 4 16 12 
18 4 16 11 
18 4 15 11 
18 4 15 10 
18 4 14 10 
18 4 14 9 

22 16 2 7 
22 16 2 8 
22 16 2 9 
22 16 3 9 
22 16 4 9 
22 16 5 9 
22 16 6 9 
22 16 7 9 
22 16 7 10 
22 16 8 10 
22 16 9 10 
22 16 9 11 
22 16 9 12 
22 16 9 13 
22 16 10 13 
22 16 11 13 
22 16 11 12 
22 16 10 12 
22 16 10 13 
22 16 10 14 
22 16 9 14 

23 14 4 2 
23 14 4 1 
23 14 5 1 
23 14 6 1 
23 14 7 1 
23 14 7 2 
23 14 7 3 
23 14 7 4 
23 14 8 4 
23 14 9 4 
23 14 9 5 
23 14 10 5 
23 14 10 4 
23 14 11 4 
23 14 11 5 
23 14 11 6 
23 14 11 7 
23 14 11 8 
23 14 11 9 
23 14 12 9 
23 14 12 10 

2 15 16 11 
2 15 16 12 
2 15 16 13 
2 15 15 13 
2 15 15 12 
2 15 14 12 
2 15 13 12 
2 15 12 12 
2 15 12 13 
2 15 12 14 
2 15 11 14 
2 15 11 13 
2 15 10 13 
2 15 9 13 
2 15 8 13 
2 15 8 14 
2 15 7 14 
2 15 6 14 
2 15 6 15 
2 15 5 15 
2 15 4 15 

6 8 20 19 
6 8 20 18 
6 8 19 18 
6 8 19 19 
6 8 18 19 
6 8 18 20 
6 8 17 20 
6 8 16 20 
6 8 15 20 
6 8 15 19 
6 8 14 19 
6 8 14 18 
6 8 14 17 
6 8 13 17 
6 8 13 16 
6 8 12 16 
6 8 12 15 
6 8 11 15 
6 8 11 14 
6 8 11 13 
6 8 11 12 

11 13 5 2 
11 13 5 3 
11 13 5 4 
11 13 5 5 
11 13 4 5 
11 13 4 6 
11 13 4 7 
11 13 4 8 
11 13 5 8 
11 13 5 9 
11 13 5 10 
11 13 4 10 
11 13 4 11 
11 13 5 11 
11 13 5 12 
11 13 6 12 
11 13 7 12 
11 13 8 12 
11 13 9 12 
11 13 9 13 
11 13 10 13 

5 9 23 5 
5 9 23 6 
5 9 23 7 
5 9 22 7 
5 9 22 8 
5 9 22 9 
5 9 21 9 
5 9 20 9 
5 9 19 9 
5 9 18 9 
5 9 17 9 
5 9 16 9 
5 9 16 10 
5 9 15 10 
5 9 14 10 
5 9 13 10 
5 9 12 10 
5 9 11 10 
5 9 10 10 
5 9 10 9 
5 9 10 8 

1 10 5 17 
1 10 5 16 
1 10 5 15 
1 10 5 14 
1 10 5 13 
1 10 5 12 
1 10 6 12 
1 10 6 11 
1 10 6 10 
1 10 7 10 
1 10 8 10 
1 10 8 11 
1 10 7 11 
1 10 7 10 
1 10 6 10 
1 10 5 10 
1 10 5 11 
1 10 4 11 
1 10 3 11 
1 10 3 10 
1 10 2 10 

6 17 22 10 
6 17 22 11 
6 17 22 12 
6 17 21 12 
6 17 21 11 
6 17 20 11 
6 17 19 11 
6 17 18 11 
6 17 17 11 
6 17 16 11 
6 17 16 12 
6 17 16 13 
6 17 16 14 
6 17 15 14 
6 17 15 15 
6 17 16 15 
6 17 16 16 
6 17 15 16 
6 17 14 16 
6 17 14 17 
6 17 13 17 

9 4 19 17 
9 4 19 16 
9 4 18 16 
9 4 18 15 
9 4 18 14 
9 4 18 13 
9 4 17 13 
9 4 17 14 
9 4 17 15 
9 4 16 15 
9 4 15 15 
9 4 15 14 
9 4 15 13 
9 4 15 12 
9 4 15 11 
9 4 15 10 
9 4 14 10 
9 4 13 10 
9 4 13 9 
9 4 12 9 
9 4 11 9 

16 7 8 15 
16 7 8 14 
16 7 9 14 
16 7 9 13 
16 7 10 13 
16 7 11 13 
16 7 11 12 
16 7 11 11 
16 7 11 10 
16 7 11 9 
16 7 11 8 
16 7 11 7 
16 7 10 7 
16 7 10 6 
16 7 11 6 
16 7 11 5 
16 7 12 5 
16 7 12 6 
16 7 13 6 
16 7 13 5 
16 7 14 5 

11 17 21 5 
11 17 21 6 
11 17 20 6 
11 17 20 7 
11 17 20 8 
11 17 20 9 
11 17 19 9 
11 17 19 10 
11 17 18 10 
11 17 17 10 
11 17 16 10 
11 17 15 10 
11 17 15 11 
11 17 14 11 
11 17 13 11 
11 17 13 12 
11 17 13 13 
11 17 13 14 
11 17 13 15 
11 17 14 15 
11 17 14 16 

4 10 18 5 
4 10 18 6 
4 10 18 7 
4 10 17 7 
4 10 17 8 
4 10 17 9 
4 10 17 10 
4 10 16 10 
4 10 15 10 
4 10 14 10 
4 10 13 10 
4 10 13 9 
4 10 12 9 
4 10 12 10 
4 10 11 10 
4 10 10 10 
4 10 9 10 
4 10 8 10 
4 10 7 10 
4 10 6 10 
4 10 5 10 

6 6 6 14 
6 6 6 13 
6 6 5 13 
6 6 5 12 
6 6 5 11 
6 6 6 11 
6 6 6 12 
6 6 6 13 
6 6 6 14 
6 6 5 14 
6 6 5 15 
6 6 6 15 
6 6 6 14 
6 6 6 13 
6 6 6 12 
6 6 6 11 
6 6 6 10 
6 6 6 9 
6 6 6 8 
6 6 6 7 
6 6 6 6 

16 18 2 19 
16 18 2 18 
16 18 3 18 
16 18 4 18 
16 18 5 18 
16 18 6 18 
16 18 7 18 
16 18 7 17 
16 18 6 17 
16 18 6 16 
16 18 7 16 
16 18 7 17 
16 18 8 17 
16 18 8 18 
16 18 9 18 
16 18 10 18 
16 18 11 18 
16 18 12 18 
16 18 13 18 
16 18 14 18 
16 18 14 19 

1 17 17 22 
1 17 17 21 
1 17 17 20 
1 17 18 20 
1 17 18 19 
1 17 17 19 
1 17 17 18 
1 17 17 17 
1 17 17 16 
1 17 16 16 
1 17 15 16 
1 17 15 17 
1 17 14 17 
1 17 13 17 
1 17 13 18 
1 17 12 18 
1 17 11 18 
1 17 11 17 
1 17 10 17 
1 17 9 17 
1 17 8 17 

18 15 1 2 
18 15 2 2 
18 15 3 2 
18 15 4 2 
18 15 4 1 
18 15 5 1 
18 15 6 1 
18 15 6 2 
18 15 7 2 
18 15 7 3 
18 15 8 3 
18 15 8 4 
18 15 9 4 
18 15 10 4 
18 15 11 4 
18 15 11 5 
18 15 12 5 
18 15 13 5 
18 15 14 5 
18 15 15 5 
18 15 16 5 

19 16 6 8 
19 16 7 8 
19 16 7 9 
19 16 8 9 
19 16 8 10 
19 16 8 11 
19 16 9 11 
19 16 10 11 
19 16 11 11 
19 16 12 11 
19 16 12 12 
19 16 12 13 
19 16 13 13 
19 16 13 14 
19 16 13 15 
19 16 14 15 
19 16 14 16 
19 16 15 16 
19 16 16 16 
19 16 17 16 
19 16 18 16 

17 22 22 9 
17 22 21 9 
17 22 21 10 
17 22 22 10 
17 22 22 11 
17 22 22 12 
17 22 21 12 
17 22 21 13 
17 22 20 13 
17 22 19 13 
17 22 18 13 
17 22 18 14 
17 22 18 15 
17 22 18 16 
17 22 18 17 
17 22 18 18 
17 22 17 18 
17 22 17 19 
17 22 17 20 
17 22 18 20 
17 22 18 21 

9 3 21 8 
9 3 20 8 
9 3 19 8 
9 3 18 8 
9 3 17 8 
9 3 17 7 
9 3 17 6 
9 3 17 5 
9 3 17 4 
9 3 16 4 
9 3 16 3 
9 3 15 3 
9 3 14 3 
9 3 13 3 
9 3 13 2 
9 3 12 2 
9 3 12 3 
9 3 13 3 
9 3 13 4 
9 3 12 4 
9 3 12 5 

20 19 4 16 
20 19 3 16 
20 19 3 17 
20 19 4 17 
20 19 4 18 
20 19 5 18 
20 19 5 19 
20 19 6 19 
20 19 7 19 
20 19 7 20 
20 19 8 20 
20 19 9 20 
20 19 9 21 
20 19 10 21 
20 19 11 21 
20 19 11 20 
20 19 12 20 
20 19 13 20 
20 19 13 21 
20 19 14 21 
20 19 14 22 

20 14 5 9 
20 14 5 10 
20 14 5 11 
20 14 6 11 
20 14 7 11 
20 14 7 12 
20 14 8 12 
20 14 8 13 
20 14 8 14 
20 14 9 14 
20 14 10 14 
20 14 10 13 
20 14 11 13 
20 14 11 14 
20 14 12 14 
20 14 13 14 
20 14 14 14 
20 14 15 14 
20 14 16 14 
20 14 17 14 
20 14 18 14 

22 4 8 6 
22 4 8 5 
22 4 8 4 
22 4 7 4 
22 4 6 4 
22 4 5 4 
22 4 4 4 
22 4 3 4 
22 4 3 5 
22 4 4 5 
22 4 5 5 
22 4 5 4 
22 4 6 4 
22 4 6 5 
22 4 7 5 
22 4 8 5 
22 4 8 4 
22 4 9 4 
22 4 10 4 
22 4 11 4 
22 4 12 4 

4 3 20 16 
4 3 19 16 
4 3 19 15 
4 3 18 15 
4 3 17 15 
4 3 17 14 
4 3 17 13 
4 3 17 12 
4 3 18 12 
4 3 19 12 
4 3 19 11 
4 3 19 10 
4 3 20 10 
4 3 20 11 
4 3 19 11 
4 3 19 10 
4 3 19 9 
4 3 19 8 
4 3 18 8 
4 3 17 8 
4 3 16 8 

20 12 3 10 
20 12 2 10 
20 12 2 11 
20 12 2 12 
20 12 3 12 
20 12 4 12 
20 12 4 13 
20 12 5 13 
20 12 5 12 
20 12 6 12 
20 12 7 12 
20 12 8 12 
20 12 9 12 
20 12 10 12 
20 12 11 12 
20 12 11 13 
20 12 12 13 
20 12 13 13 
20 12 14 13 
20 12 15 13 
20 12 16 13 

6 18 21 2 
6 18 21 3 
6 18 21 4 
6 18 21 5 
6 18 21 6 
6 18 21 7 
6 18 20 7 
6 18 20 8 
6 18 19 8 
6 18 18 8 
6 18 18 9 
6 18 18 10 
6 18 18 11 
6 18 18 12 
6 18 18 13 
6 18 17 13 
6 18 16 13 
6 18 16 14 
6 18 16 15 
6 18 16 16 
6 18 17 16 

1 14 17 18 
1 14 16 18 
1 14 16 17 
1 14 15 17 
1 14 15 16 
1 14 15 15 
1 14 14 15 
1 14 14 14 
1 14 13 14 
1 14 12 14 
1 14 11 14 
1 14 11 15 
1 14 10 15 
1 14 9 15 
1 14 8 15 
1 14 8 14 
1 14 7 14 
1 14 6 14 
1 14 5 14 
1 14 4 14 
1 14 3 14 

19 21 6 6 
19 21 7 6 
19 21 8 6 
19 21 8 5 
19 21 9 5 
19 21 10 5 
19 21 11 5 
19 21 12 5 
19 21 12 6 
19 21 13 6 
19 21 14 6 
19 21 14 7 
19 21 15 7 
19 21 15 8 
19 21 14 8 
19 21 14 9 
19 21 14 10 
19 21 14 11 
19 21 14 12 
19 21 13 12 
19 21 13 13 

18 9 1 12 
18 9 2 12 
18 9 2 13 
18 9 3 13 
18 9 3 12 
18 9 3 11 
18 9 2 11 
18 9 2 10 
18 9 3 10 
18 9 4 10 
18 9 4 11 
18 9 5 11 
18 9 6 11 
18 9 7 11 
18 9 7 10 
18 9 8 10 
18 9 8 9 
18 9 9 9 
18 9 10 9 
18 9 11 9 
18 9 12 9 

7 9 3 21 
7 9 4 21 
7 9 5 21 
7 9 5 20 
7 9 6 20 
7 9 7 20 
7 9 8 20 
7 9 9 20 
7 9 9 19 
7 9 9 18 
7 9 8 18 
7 9 7 18 
7 9 7 17 
7 9 7 16 
7 9 7 15 
7 9 7 14 
7 9 7 13 
7 9 7 12 
7 9 7 11 
7 9 7 10 
7 9 7 9 

15 14 3 5 
15 14 3 6 
15 14 3 7 
15 14 4 7 
15 14 5 7 
15 14 6 7 
15 14 7 7 
15 14 7 8 
15 14 8 8 
15 14 9 8 
15 14 9 9 
15 14 9 10 
15 14 10 10 
15 14 10 11 
15 14 10 12 
15 14 11 12 
15 14 12 12 
15 14 12 11 
15 14 11 11 
15 14 11 12 
15 14 12 12 

18 22 5 10 
18 22 5 9 
18 22 6 9 
18 22 6 8 
18 22 7 8 
18 22 7 9 
18 22 8 9 
18 22 9 9 
18 22 9 8 
18 22 8 8 
18 22 8 9 
18 22 8 10 
18 22 8 11 
18 22 9 11 
18 22 9 12 
18 22 10 12 
18 22 10 13 
18 22 11 13 
18 22 12 13 
18 22 13 13 
18 22 13 14 

21 22 10 15 
21 22 11 15 
21 22 11 16 
21 22 10 16 
21 22 10 15 
21 22 11 15 
21 22 11 16 
21 22 11 17 
21 22 12 17 
21 22 12 18 
21 22 13 18 
21 22 14 18 
21 22 14 19 
21 22 15 19 
21 22 15 20 
21 22 16 20 
21 22 16 19 
21 22 17 19 
21 22 17 18 
21 22 18 18 
21 22 18 19 

10 11 6 20 
10 11 7 20 
10 11 7 19 
10 11 7 18 
10 11 7 17 
10 11 8 17 
10 11 8 16 
10 11 8 15 
10 11 8 14 
10 11 9 14 
10 11 9 15 
10 11 10 15 
10 11 10 14 
10 11 10 13 
10 11 9 13 
10 11 9 12 
10 11 9 11 
10 11 8 11 
10 11 8 12 
10 11 9 12 
10 11 10 12 

18 22 5 16 
18 22 6 16 
18 22 7 16 
18 22 8 16 
18 22 9 16 
18 22 9 17 
18 22 10 17 
18 22 10 18 
18 22 10 19 
18 22 10 20 
18 22 10 21 
18 22 11 21 
18 22 11 22 
18 22 12 22 
18 22 13 22 
18 22 14 22 
18 22 14 21 
18 22 15 21 
18 22 16 21 
18 22 16 22 
18 22 17 22 

9 1 20 11 
9 1 19 11 
9 1 19 10 
9 1 18 10 
9 1 18 9 
9 1 17 9 
9 1 16 9 
9 1 15 9 
9 1 15 10 
9 1 14 10 
9 1 14 9 
9 1 14 8 
9 1 13 8 
9 1 12 8 
9 1 11 8 
9 1 10 8 
9 1 9 8 
9 1 9 7 
9 1 9 6 
9 1 9 5 
9 1 9 4 

12 5 12 18 
12 5 12 17 
12 5 12 16 
12 5 12 15 
12 5 12 14 
12 5 12 13 
12 5 12 12 
12 5 12 11 
12 5 13 11 
12 5 13 12 
12 5 12 12 
12 5 12 11 
12 5 12 10 
12 5 12 9 
12 5 12 8 
12 5 12 7 
12 5 11 7 
12 5 11 6 
12 5 12 6 
12 5 13 6 
12 5 13 5 

46 39 42 24 
46 39 43 24 
46 39 44 24 
46 39 44 25 
46 39 43 25 
46 39 43 26 
46 39 43 27 
46 39 43 28 
46 39 44 28 
46 39 45 28 
46 39 45 29 
46 39 46 29 
46 39 46 30 
46 39 46 31 
46 39 46 32 
46 39 46 33 
46 39 46 34 
46 39 45 34 
46 39 45 35 
46 39 44 35 
46 39 44 36 

45 46 37 24 
45 46 37 25 
45 46 37 26 
45 46 38 26 
45 46 38 27 
45 46 38 28 
45 46 38 29 
45 46 38 30 
45 46 38 31 
45 46 38 32 
45 46 38 33 
45 46 38 34 
45 46 39 34 
45 46 40 34 
45 46 41 34 
45 46 41 35 
45 46 42 35 
45 46 42 36 
45 46 43 36 
45 46 43 37 
45 46 43 38 

45 24 8 1 
45 24 8 2 
45 24 8 3 
45 24 8 4 
45 24 9 4 
45 24 10 4 
45 24 10 5 
45 24 11 5 
45 24 12 5 
45 24 12 6 
45 24 12 7 
45 24 13 7 
45 24 14 7 
45 24 14 8 
45 24 14 9 
45 24 15 9 
45 24 15 10 
45 24 16 10 
45 24 17 10 
45 24 17 11 
45 24 17 12 

11 5 4 27 
11 5 5 27 
11 5 6 27 
11 5 6 26 
11 5 6 25 
11 5 6 24 
11 5 6 23 
11 5 7 23 
11 5 8 23 
11 5 8 24 
11 5 9 24 
11 5 9 23 
11 5 9 22 
11 5 10 22 
11 5 11 22 
11 5 12 22 
11 5 12 21 
11 5 12 20 
11 5 12 19 
11 5 12 18 
11 5 12 17 

38 29 47 44 
38 29 46 44 
38 29 46 43 
38 29 45 43 
38 29 44 43 
38 29 44 42 
38 29 43 42 
38 29 42 42 
38 29 41 42 
38 29 40 42 
38 29 40 43 
38 29 39 43 
38 29 38 43 
38 29 38 42 
38 29 38 41 
38 29 38 40 
38 29 39 40 
38 29 39 39 
38 29 39 38 
38 29 39 37 
38 29 38 37 

45 32 13 45 
45 32 12 45 
45 32 11 45 
45 32 11 44 
45 32 11 43 
45 32 11 42 
45 32 12 42 
45 32 13 42 
45 32 13 41 
45 32 13 40 
45 32 13 39 
45 32 13 38 
45 32 14 38 
45 32 14 37 
45 32 13 37 
45 32 13 36 
45 32 14 36 
45 32 15 36 
45 32 15 35 
45 32 15 34 
45 32 16 34 

25 45 46 40 
25 45 45 40 
25 45 44 40 
25 45 43 40 
25 45 43 41 
25 45 43 42 
25 45 43 43 
25 45 42 43 
25 45 42 44 
25 45 42 45 
25 45 41 45 
25 45 40 45 
25 45 39 45 
25 45 39 44 
25 45 38 44 
25 45 38 43 
25 45 37 43 
25 45 36 43 
25 45 35 43 
25 45 34 43 
25 45 33 43 

9 12 31 8 
9 12 31 9 
9 12 31 10 
9 12 31 11 
9 12 31 12 
9 12 30 12 
9 12 29 12 
9 12 28 12 
9 12 27 12 
9 12 27 11 
9 12 26 11 
9 12 25 11 
9 12 24 11 
9 12 24 12 
9 12 23 12 
9 12 22 12 
9 12 21 12 
9 12 20 12 
9 12 19 12 
9 12 18 12 
9 12 17 12 

39 19 13 5 
39 19 14 5 
39 19 14 4 
39 19 13 4 
39 19 13 5 
39 19 14 5 
39 19 15 5 
39 19 15 6 
39 19 15 7 
39 19 16 7 
39 19 17 7 
39 19 18 7 
39 19 19 7 
39 19 20 7 
39 19 20 8 
39 19 21 8 
39 19 21 7 
39 19 22 7 
39 19 22 6 
39 19 23 6 
39 19 23 7 

30 40 44 44 
30 40 44 43 
30 40 44 42 
30 40 45 42 
30 40 45 41 
30 40 44 41 
30 40 43 41 
30 40 43 40 
30 40 42 40 
30 40 41 40 
30 40 40 40 
30 40 39 40 
30 40 38 40 
30 40 38 39 
30 40 37 39 
30 40 36 39 
30 40 36 40 
30 40 35 40 
30 40 34 40 
30 40 33 40 
30 40 32 40 

6 6 26 9 
6 6 26 8 
6 6 26 7 
6 6 26 6 
6 6 27 6 
6 6 27 5 
6 6 26 5 
6 6 26 4 
6 6 25 4 
6 6 25 3 
6 6 24 3 
6 6 24 4 
6 6 23 4 
6 6 23 5 
6 6 23 6 
6 6 22 6 
6 6 21 6 
6 6 20 6 
6 6 19 6 
6 6 19 5 
6 6 18 5 

8 28 14 45 
8 28 14 44 
8 28 13 44 
8 28 12 44 
8 28 11 44 
8 28 11 43 
8 28 10 43 
8 28 10 42 
8 28 9 42 
8 28 9 41 
8 28 9 40 
8 28 9 39 
8 28 8 39 
8 28 8 38 
8 28 9 38 
8 28 9 37 
8 28 8 37 
8 28 8 36 
8 28 8 35 
8 28 8 34 
8 28 8 33 

35 39 2 36 
35 39 2 37 
35 39 3 37 
35 39 4 37 
35 39 4 38 
35 39 4 39 
35 39 5 39 
35 39 6 39 
35 39 6 38 
35 39 7 38 
35 39 8 38 
35 39 9 38 
35 39 9 37 
35 39 10 37 
35 39 10 38 
35 39 11 38 
35 39 12 38 
35 39 13 38 
35 39 14 38 
35 39 15 38 
35 39 15 39 

41 16 42 36 
41 16 41 36 
41 16 41 35 
41 16 41 34 
41 16 41 33 
41 16 40 33 
41 16 40 32 
41 16 41 32 
41 16 41 31 
41 16 41 30 
41 16 41 29 
41 16 41 28 
41 16 41 27 
41 16 40 27 
41 16 40 26 
41 16 40 25 
41 16 40 24 
41 16 41 24 
41 16 41 23 
41 16 41 22 
41 16 41 21 

23 44 31 31 
23 44 30 31 
23 44 30 32 
23 44 29 32 
23 44 29 33 
23 44 28 33 
23 44 28 34 
23 44 28 35 
23 44 27 35 
23 44 27 36 
23 44 27 37 
23 44 27 38 
23 44 27 39 
23 44 27 40 
23 44 26 40 
23 44 26 41 
23 44 26 42 
23 44 26 43 
23 44 26 44 
23 44 26 45 
23 44 25 45 

6 6 37 16 
6 6 36 16 
6 6 36 17 
6 6 35 17 
6 6 34 17 
6 6 34 16 
6 6 33 16 
6 6 33 15 
6 6 33 14 
6 6 33 13 
6 6 32 13 
6 6 32 12 
6 6 32 11 
6 6 32 10 
6 6 31 10 
6 6 31 11 
6 6 32 11 
6 6 32 12 
6 6 31 12 
6 6 31 11 
6 6 30 11 

34 11 5 11 
34 11 6 11 
34 11 6 12 
34 11 7 12 
34 11 7 11 
34 11 6 11 
34 11 6 10 
34 11 7 10 
34 11 8 10 
34 11 8 9 
34 11 8 8 
34 11 9 8 
34 11 10 8 
34 11 10 9 
34 11 11 9 
34 11 11 10 
34 11 12 10 
34 11 12 11 
34 11 13 11 
34 11 14 11 
34 11 15 11 

46 4 28 28 
46 4 28 27 
46 4 27 27 
46 4 27 26 
46 4 27 25 
46 4 27 24 
46 4 27 23 
46 4 27 22 
46 4 28 22 
46 4 28 23 
46 4 29 23 
46 4 29 22 
46 4 29 21 
46 4 30 21 
46 4 31 21 
46 4 32 21 
46 4 33 21 
46 4 34 21 
46 4 35 21 
46 4 35 20 
46 4 34 20 

23 16 42 3 
23 16 41 3 
23 16 40 3 
23 16 39 3 
23 16 38 3 
23 16 38 4 
23 16 38 5 
23 16 37 5 
23 16 37 4 
23 16 36 4 
23 16 36 3 
23 16 35 3 
23 16 35 2 
23 16 34 2 
23 16 33 2 
23 16 33 3 
23 16 32 3 
23 16 32 4 
23 16 31 4 
23 16 31 5 
23 16 31 6 

7 40 28 7 
7 40 27 7 
7 40 26 7 
7 40 25 7 
7 40 25 8 
7 40 24 8 
7 40 24 9 
7 40 23 9 
7 40 22 9 
7 40 21 9 
7 40 21 10 
7 40 20 10 
7 40 20 11 
7 40 20 12 
7 40 19 12 
7 40 19 11 
7 40 18 11 
7 40 18 12 
7 40 17 12 
7 40 17 13 
7 40 16 13 

4 25 11 36 
4 25 10 36 
4 25 10 35 
4 25 10 34 
4 25 9 34 
4 25 8 34 
4 25 7 34 
4 25 6 34 
4 25 5 34 
4 25 4 34 
4 25 4 33 
4 25 4 32 
4 25 4 31 
4 25 3 31 
4 25 3 30 
4 25 3 29 
4 25 3 28 
4 25 3 27 
4 25 2 27 
4 25 2 26 
4 25 3 26 

20 16 26 35 
20 16 26 34 
20 16 25 34 
20 16 24 34 
20 16 24 33 
20 16 24 32 
20 16 23 32 
20 16 23 31 
20 16 23 30 
20 16 22 30 
20 16 21 30 
20 16 20 30 
20 16 20 29 
20 16 19 29 
20 16 19 28 
20 16 20 28 
20 16 20 27 
20 16 20 26 
20 16 20 25 
20 16 20 24 
20 16 20 23 

10 16 38 5 
10 16 37 5 
10 16 36 5 
10 16 35 5 
10 16 35 6 
10 16 34 6 
10 16 34 5 
10 16 33 5 
10 16 33 4 
10 16 32 4 
10 16 32 5 
10 16 32 6 
10 16 32 7 
10 16 31 7 
10 16 30 7 
10 16 29 7 
10 16 29 8 
10 16 28 8 
10 16 28 9 
10 16 29 9 
10 16 29 10 

39 14 20 21 
39 14 20 20 
39 14 21 20 
39 14 22 20 
39 14 23 20 
39 14 24 20 
39 14 25 20 
39 14 26 20 
39 14 26 19 
39 14 27 19 
39 14 27 18 
39 14 27 17 
39 14 28 17 
39 14 29 17 
39 14 29 16 
39 14 29 15 
39 14 30 15 
39 14 31 15 
39 14 32 15 
39 14 32 14 
39 14 33 14 

24 40 9 12 
24 40 9 13 
24 40 9 14 
24 40 10 14 
24 40 11 14 
24 40 11 15 
24 40 12 15 
24 40 12 16 
24 40 13 16 
24 40 13 17 
24 40 13 18 
24 40 13 19 
24 40 12 19 
24 40 12 20 
24 40 13 20 
24 40 13 21 
24 40 14 21 
24 40 14 22 
24 40 14 23 
24 40 14 24 
24 40 15 24 

46 32 3 31 
46 32 4 31 
46 32 4 30 
46 32 5 30 
46 32 5 31 
46 32 5 32 
46 32 6 32 
46 32 7 32 
46 32 7 33 
46 32 8 33 
46 32 9 33 
46 32 9 32 
46 32 10 32 
46 32 11 32 
46 32 12 32 
46 32 13 32 
46 32 14 32 
46 32 15 32 
46 32 16 32 
46 32 17 32 
46 32 18 32 

39 18 15 9 
39 18 16 9 
39 18 17 9 
39 18 17 8 
39 18 18 8 
39 18 18 9 
39 18 18 10 
39 18 18 11 
39 18 19 11 
39 18 19 12 
39 18 20 12 
39 18 21 12 
39 18 22 12 
39 18 23 12 
39 18 24 12 
39 18 24 13 
39 18 25 13 
39 18 25 14 
39 18 25 15 
39 18 25 16 
39 18 26 16 

3 12 16 34 
3 12 16 33 
3 12 16 32 
3 12 16 31 
3 12 15 31 
3 12 14 31 
3 12 13 31 
3 12 13 30 
3 12 12 30 
3 12 12 31 
3 12 11 31 
3 12 10 31 
3 12 9 31 
3 12 8 31 
3 12 8 30 
3 12 7 30 
3 12 7 29 
3 12 7 28 
3 12 6 28 
3 12 5 28 
3 12 5 27 

22 29 6 34 
22 29 7 34 
22 29 8 34 
22 29 8 33 
22 29 9 33 
22 29 10 33 
22 29 10 32 
22 29 10 31 
22 29 10 30 
22 29 9 30 
22 29 9 29 
22 29 10 29 
22 29 10 30 
22 29 11 30 
22 29 12 30 
22 29 13 30 
22 29 13 31 
22 29 14 31 
22 29 15 31 
22 29 15 30 
22 29 15 29 

18 24 13 42 
18 24 13 41 
18 24 13 40 
18 24 14 40 
18 24 15 40 
18 24 16 40 
18 24 17 40 
18 24 18 40 
18 24 18 39 
18 24 19 39 
18 24 19 38 
18 24 19 37 
18 24 18 37 
18 24 18 36 
18 24 18 35 
18 24 18 34 
18 24 17 34 
18 24 17 33 
18 24 17 32 
18 24 17 31 
18 24 17 30 

16 38 41 29 
16 38 41 30 
16 38 41 31 
16 38 40 31 
16 38 40 32 
16 38 41 32 
16 38 41 33 
16 38 41 34 
16 38 41 35 
16 38 40 35 
16 38 40 36 
16 38 39 36 
16 38 38 36 
16 38 38 37 
16 38 38 38 
16 38 37 38 
16 38 36 38 
16 38 35 38 
16 38 34 38 
16 38 34 37 
16 38 33 37 

44 35 22 34 
44 35 22 35 
44 35 22 36 
44 35 23 36 
44 35 24 36 
44 35 24 35 
44 35 23 35 
44 35 23 36 
44 35 24 36 
44 35 24 35 
44 35 23 35 
44 35 22 35 
44 35 21 35 
44 35 21 36 
44 35 22 36 
44 35 23 36 
44 35 23 35 
44 35 24 35 
44 35 25 35 
44 35 26 35 
44 35 27 35 

42 41 2 26 
42 41 2 25 
42 41 3 25 
42 41 3 26 
42 41 4 26 
42 41 5 26 
42 41 5 27 
42 41 6 27 
42 41 6 26 
42 41 7 26 
42 41 8 26 
42 41 8 27 
42 41 8 28 
42 41 7 28 
42 41 6 28 
42 41 5 28 
42 41 5 29 
42 41 5 30 
42 41 6 30 
42 41 6 31 
42 41 7 31 

5 34 21 15 
5 34 20 15 
5 34 19 15 
5 34 19 16 
5 34 18 16 
5 34 18 17 
5 34 17 17 
5 34 16 17 
5 34 15 17 
5 34 14 17 
5 34 13 17 
5 34 12 17 
5 34 11 17 
5 34 10 17 
5 34 10 16 
5 34 9 16 
5 34 9 17 
5 34 8 17 
5 34 7 17 
5 34 7 18 
5 34 7 19 

20 39 25 46 
20 39 24 46 
20 39 24 47 
20 39 23 47 
20 39 22 47 
20 39 22 46 
20 39 22 45 
20 39 21 45 
20 39 21 44 
20 39 20 44 
20 39 20 43 
20 39 20 42 
20 39 19 42 
20 39 19 41 
20 39 19 40 
20 39 18 40 
20 39 18 39 
20 39 19 39 
20 39 19 38 
20 39 20 38 
20 39 20 39 

10 45 2 14 
10 45 3 14 
10 45 4 14 
10 45 4 13 
10 45 5 13 
10 45 6 13 
10 45 6 12 
10 45 7 12 
10 45 8 12 
10 45 8 13 
10 45 8 14 
10 45 9 14 
10 45 9 15 
10 45 9 16 
10 45 9 17 
10 45 10 17 
10 45 10 18 
10 45 10 19 
10 45 10 20 
10 45 10 21 
10 45 10 22 

14 30 34 34 
14 30 33 34 
14 30 33 35 
14 30 32 35 
14 30 31 35 
14 30 30 35 
14 30 29 35 
14 30 28 35 
14 30 28 36 
14 30 27 36 
14 30 26 36 
14 30 26 35 
14 30 25 35 
14 30 25 34 
14 30 24 34 
14 30 24 33 
14 30 23 33 
14 30 22 33 
14 30 22 32 
14 30 22 31 
14 30 21 31 

3 2 37 46 
3 2 36 46 
3 2 35 46 
3 2 35 47 
3 2 34 47 
3 2 34 46 
3 2 34 45 
3 2 33 45 
3 2 33 44 
3 2 32 44 
3 2 31 44 
3 2 30 44 
3 2 29 44 
3 2 28 44 
3 2 28 43 
3 2 27 43 
3 2 27 42 
3 2 27 41 
3 2 26 41 
3 2 26 40 
3 2 25 40 

15 34 46 40 
15 34 46 39 
15 34 46 38 
15 34 45 38 
15 34 45 37 
15 34 44 37 
15 34 44 36 
15 34 44 35 
15 34 43 35 
15 34 42 35 
15 34 42 34 
15 34 42 33 
15 34 41 33 
15 34 40 33 
15 34 40 34 
15 34 39 34 
15 34 38 34 
15 34 37 34 
15 34 36 34 
15 34 36 35 
15 34 35 35 

16 3 27 28 
16 3 26 28 
16 3 26 29 
16 3 25 29 
16 3 25 28 
16 3 25 27 
16 3 25 26 
16 3 24 26 
16 3 24 25 
16 3 23 25 
16 3 23 24 
16 3 22 24 
16 3 21 24 
16 3 20 24 
16 3 20 23 
16 3 19 23 
16 3 18 23 
16 3 17 23 
16 3 16 23 
16 3 16 22 
16 3 16 21 

42 15 33 41 
42 15 34 41 
42 15 34 40 
42 15 35 40 
42 15 35 39 
42 15 35 38 
42 15 36 38 
42 15 37 38 
42 15 37 37 
42 15 36 37 
42 15 36 36 
42 15 37 36 
42 15 37 37 
42 15 38 37 
42 15 38 36 
42 15 39 36 
42 15 40 36 
42 15 40 35 
42 15 40 34 
42 15 40 33 
42 15 39 33 

21 41 40 46 
21 41 40 45 
21 41 40 44 
21 41 39 44 
21 41 39 43 
21 41 38 43 
21 41 38 42 
21 41 38 41 
21 41 37 41 
21 41 37 42 
21 41 37 43 
21 41 36 43 
21 41 36 42 
21 41 36 41 
21 41 36 40 
21 41 35 40 
21 41 35 39 
21 41 36 39 
21 41 36 40 
21 41 36 41 
21 41 35 41 

32 47 5 30 
32 47 6 30 
32 47 7 30 
32 47 8 30 
32 47 8 31 
32 47 9 31 
32 47 9 30 
32 47 10 30 
32 47 10 31 
32 47 10 32 
32 47 10 33 
32 47 11 33 
32 47 11 34 
32 47 12 34 
32 47 12 35 
32 47 12 36 
32 47 11 36 
32 47 11 37 
32 47 11 38 
32 47 11 39 
32 47 12 39 

25 34 48 5 
25 34 48 6 
25 34 48 7 
25 34 47 7 
25 34 47 8 
25 34 47 9 
25 34 46 9 
25 34 46 10 
25 34 47 10 
25 34 47 11 
25 34 47 12 
25 34 46 12 
25 34 46 13 
25 34 45 13 
25 34 45 12 
25 34 44 12 
25 34 43 12 
25 34 43 13 
25 34 42 13 
25 34 41 13 
25 34 41 14 

30 28 9 39 
30 28 10 39 
30 28 11 39 
30 28 11 38 
30 28 11 37 
30 28 12 37 
30 28 13 37 
30 28 13 36 
30 28 13 35 
30 28 14 35 
30 28 14 34 
30 28 14 33 
30 28 15 33 
30 28 15 32 
30 28 15 31 
30 28 15 30 
30 28 16 30 
30 28 16 29 
30 28 16 28 
30 28 17 28 
30 28 18 28 

22 21 47 1 
22 21 47 2 
22 21 46 2 
22 21 46 3 
22 21 45 3 
22 21 44 3 
22 21 44 4 
22 21 44 5 
22 21 44 6 
22 21 43 6 
22 21 43 7 
22 21 43 8 
22 21 43 9 
22 21 43 10 
22 21 43 11 
22 21 42 11 
22 21 41 11 
22 21 40 11 
22 21 40 12 
22 21 40 13 
22 21 39 13 

38 22 16 25 
38 22 17 25 
38 22 17 24 
38 22 16 24 
38 22 15 24 
38 22 15 23 
38 22 15 22 
38 22 16 22 
38 22 17 22 
38 22 18 22 
38 22 19 22 
38 22 20 22 
38 22 21 22 
38 22 22 22 
38 22 23 22 
38 22 24 22 
38 22 25 22 
38 22 26 22 
38 22 27 22 
38 22 28 22 
38 22 29 22 

9 3 31 2 
9 3 31 3 
9 3 30 3 
9 3 29 3 
9 3 28 3 
9 3 27 3 
9 3 26 3 
9 3 25 3 
9 3 24 3 
9 3 23 3 
9 3 22 3 
9 3 21 3 
9 3 20 3 
9 3 19 3 
9 3 19 4 
9 3 18 4 
9 3 17 4 
9 3 16 4 
9 3 15 4 
9 3 14 4 
9 3 13 4 

32 18 19 3 
32 18 19 4 
32 18 19 5 
32 18 20 5 
32 18 21 5 
32 18 21 6 
32 18 21 7 
32 18 22 7 
32 18 23 7 
32 18 23 8 
32 18 24 8 
32 18 25 8 
32 18 26 8 
32 18 26 9 
32 18 27 9 
32 18 27 10 
32 18 28 10 
32 18 28 11 
32 18 29 11 
32 18 30 11 
32 18 30 12 

40 16 27 42 
40 16 27 41 
40 16 28 41 
40 16 28 40 
40 16 28 39 
40 16 29 39 
40 16 30 39 
40 16 31 39 
40 16 32 39 
40 16 33 39 
40 16 34 39 
40 16 35 39 
40 16 36 39 
40 16 36 38 
40 16 36 37 
40 16 37 37 
40 16 38 37 
40 16 39 37 
40 16 39 36 
40 16 39 35 
40 16 40 35 

31 11 46 45 
31 11 46 44 
31 11 45 44 
31 11 44 44 
31 11 44 43 
31 11 44 42 
31 11 44 41 
31 11 43 41 
31 11 43 40 
31 11 42 40 
31 11 42 39 
31 11 42 38 
31 11 41 38 
31 11 41 37 
31 11 41 36 
31 11 40 36 
31 11 40 35 
31 11 39 35 
31 11 39 34 
31 11 38 34 
31 11 37 34 

34 44 18 13 
34 44 18 14 
34 44 19 14 
34 44 20 14 
34 44 20 15 
34 44 20 16 
34 44 21 16 
34 44 21 17 
34 44 21 18 
34 44 21 19 
34 44 22 19 
34 44 23 19 
34 44 24 19 
34 44 24 20 
34 44 25 20 
34 44 25 21 
34 44 25 22 
34 44 26 22 
34 44 27 22 
34 44 28 22 
34 44 28 23 

11 27 16 41 
11 27 15 41 
11 27 14 41 
11 27 13 41 
11 27 13 40 
11 27 12 40 
11 27 11 40 
11 27 11 41 
11 27 10 41 
11 27 10 40 
11 27 10 39 
11 27 11 39 
11 27 12 39 
11 27 12 38 
11 27 12 37 
11 27 12 36 
11 27 12 35 
11 27 12 34 
11 27 11 34 
11 27 11 33 
11 27 12 33 

42 16 5 28 
42 16 5 27 
42 16 6 27 
42 16 7 27 
42 16 7 26 
42 16 8 26 
42 16 8 25 
42 16 9 25 
42 16 10 25 
42 16 10 24 
42 16 9 24 
42 16 9 23 
42 16 10 23 
42 16 11 23 
42 16 12 23 
42 16 12 24 
42 16 13 24 
42 16 13 23 
42 16 13 22 
42 16 14 22 
42 16 15 22 

2 29 36 23 
2 29 36 24 
2 29 36 25 
2 29 36 26 
2 29 35 26 
2 29 34 26 
2 29 33 26 
2 29 32 26 
2 29 31 26 
2 29 31 27 
2 29 31 28 
2 29 30 28 
2 29 29 28 
2 29 29 27 
2 29 29 26 
2 29 28 26 
2 29 28 27 
2 29 28 28 
2 29 27 28 
2 29 26 28 
2 29 25 28 

5 34 44 41 
5 34 44 40 
5 34 43 40 
5 34 42 40 
5 34 42 41 
5 34 41 41 
5 34 41 40 
5 34 41 39 
5 34 41 38 
5 34 41 37 
5 34 40 37 
5 34 40 36 
5 34 39 36 
5 34 39 35 
5 34 39 34 
5 34 38 34 
5 34 37 34 
5 34 36 34 
5 34 35 34 
5 34 34 34 
5 34 33 34 

30 39 40 20 
30 39 40 21 
30 39 40 22 
30 39 40 23 
30 39 40 24 
30 39 39 24 
30 39 38 24 
30 39 37 24 
30 39 36 24 
30 39 36 23 
30 39 35 23 
30 39 34 23 
30 39 34 22 
30 39 33 22 
30 39 33 23 
30 39 32 23 
30 39 31 23 
30 39 31 24 
30 39 31 25 
30 39 30 25 
30 39 30 24 

22 32 34 22 
22 32 35 22 
22 32 35 23 
22 32 34 23 
22 32 33 23 
22 32 33 24 
22 32 33 25 
22 32 33 26 
22 32 32 26 
22 32 32 25 
22 32 33 25 
22 32 33 26 
22 32 33 27 
22 32 33 28 
22 32 33 29 
22 32 32 29 
22 32 31 29 
22 32 30 29 
22 32 30 30 
22 32 30 31 
22 32 30 32 

24 39 6 19 
24 39 7 19 
24 39 8 19 
24 39 8 20 
24 39 9 20 
24 39 9 21 
24 39 10 21 
24 39 10 22 
24 39 11 22 
24 39 11 23 
24 39 12 23 
24 39 12 24 
24 39 13 24 
24 39 14 24 
24 39 15 24 
24 39 15 25 
24 39 15 26 
24 39 14 26 
24 39 14 27 
24 39 14 28 
24 39 15 28 

13 26 22 44 
13 26 21 44 
13 26 20 44 
13 26 20 43 
13 26 19 43 
13 26 18 43 
13 26 18 42 
13 26 18 41 
13 26 19 41 
13 26 19 40 
13 26 19 39 
13 26 19 38 
13 26 19 37 
13 26 19 36 
13 26 18 36 
13 26 18 37 
13 26 17 37 
13 26 17 36 
13 26 16 36 
13 26 15 36 
13 26 15 37 

13 8 47 33 
13 8 46 33 
13 8 45 33 
13 8 44 33 
13 8 44 32 
13 8 43 32 
13 8 42 32 
13 8 42 31 
13 8 41 31 
13 8 41 30 
13 8 41 29 
13 8 40 29 
13 8 39 29 
13 8 39 30 
13 8 38 30 
13 8 37 30 
13 8 36 30 
13 8 35 30 
13 8 34 30 
13 8 33 30 
13 8 32 30 

4 21 25 17 
4 21 24 17 
4 21 23 17 
4 21 23 18 
4 21 23 19 
4 21 23 20 
4 21 22 20 
4 21 22 21 
4 21 21 21 
4 21 20 21 
4 21 19 21 
4 21 18 21 
4 21 18 20 
4 21 17 20 
4 21 16 20 
4 21 15 20 
4 21 14 20 
4 21 13 20 
4 21 12 20 
4 21 11 20 
4 21 11 21 

3 45 21 44 
3 45 21 43 
3 45 20 43 
3 45 19 43 
3 45 19 44 
3 45 19 45 
3 45 19 46 
3 45 19 47 
3 45 18 47 
3 45 18 46 
3 45 17 46 
3 45 16 46 
3 45 15 46 
3 45 15 45 
3 45 15 44 
3 45 14 44 
3 45 13 44 
3 45 13 45 
3 45 12 45 
3 45 11 45 
3 45 10 45 

32 7 11 25 
32 7 12 25 
32 7 13 25 
32 7 13 24 
32 7 14 24 
32 7 14 23 
32 7 15 23 
32 7 15 22 
32 7 16 22 
32 7 16 21 
32 7 17 21 
32 7 18 21 
32 7 18 20 
32 7 18 19 
32 7 18 18 
32 7 19 18 
32 7 20 18 
32 7 21 18 
32 7 22 18 
32 7 22 17 
32 7 23 17 

43 36 29 36 
43 36 30 36 
43 36 31 36 
43 36 32 36 
43 36 33 36 
43 36 34 36 
43 36 35 36 
43 36 36 36 
43 36 36 35 
43 36 37 35 
43 36 38 35 
43 36 38 36 
43 36 37 36 
43 36 37 37 
43 36 38 37 
43 36 38 38 
43 36 38 39 
43 36 39 39 
43 36 40 39 
43 36 40 38 
43 36 40 37 

47 10 24 20 
47 10 25 20 
47 10 26 20 
47 10 27 20 
47 10 28 20 
47 10 29 20 
47 10 30 20 
47 10 30 19 
47 10 31 19 
47 10 32 19 
47 10 32 18 
47 10 33 18 
47 10 33 17 
47 10 33 16 
47 10 34 16 
47 10 35 16 
47 10 36 16 
47 10 37 16 
47 10 37 15 
47 10 38 15 
47 10 38 14 

19 28 12 8 
19 28 13 8 
19 28 13 9 
19 28 14 9 
19 28 14 10 
19 28 15 10 
19 28 15 11 
19 28 15 12 
19 28 15 13 
19 28 16 13 
19 28 16 14 
19 28 16 15 
19 28 16 16 
19 28 17 16 
19 28 17 17 
19 28 18 17 
19 28 19 17 
19 28 19 18 
19 28 19 19 
19 28 19 20 
19 28 19 21 

11 47 37 3 
11 47 36 3 
11 47 35 3 
11 47 34 3 
11 47 34 4 
11 47 33 4 
11 47 33 3 
11 47 32 3 
11 47 31 3 
11 47 31 4 
11 47 31 5 
11 47 31 6 
11 47 31 7 
11 47 32 7 
11 47 32 8 
11 47 32 9 
11 47 32 10 
11 47 31 10 
11 47 30 10 
11 47 29 10 
11 47 28 10 

10 6 3 39 
10 6 4 39 
10 6 4 38 
10 6 4 37 
10 6 5 37 
10 6 6 37 
10 6 7 37 
10 6 8 37 
10 6 9 37 
10 6 10 37 
10 6 10 36 
10 6 10 35 
10 6 10 34 
10 6 11 34 
10 6 11 33 
10 6 11 32 
10 6 11 31 
10 6 11 30 
10 6 10 30 
10 6 10 29 
10 6 10 28 

43 3 2 4 
43 3 3 4 
43 3 3 3 
43 3 4 3 
43 3 5 3 
43 3 5 2 
43 3 6 2 
43 3 7 2 
43 3 8 2 
43 3 9 2 
43 3 9 3 
43 3 8 3 
43 3 8 2 
43 3 9 2 
43 3 10 2 
43 3 10 3 
43 3 11 3 
43 3 12 3 
43 3 12 4 
43 3 12 5 
43 3 13 5 

27 24 33 1 
27 24 32 1 
27 24 32 2 
27 24 31 2 
27 24 31 3 
27 24 31 4 
27 24 31 5 
27 24 31 6 
27 24 31 7 
27 24 32 7 
27 24 32 8 
27 24 31 8 
27 24 30 8 
27 24 29 8 
27 24 29 9 
27 24 29 10 
27 24 29 11 
27 24 28 11 
27 24 27 11 
27 24 27 12 
27 24 27 13 

1 27 5 15 
1 27 4 15 
1 27 3 15 
1 27 2 15 
1 27 1 15 
1 27 1 16 
1 27 1 17 
1 27 2 17 
1 27 2 18 
1 27 1 18 
1 27 1 19 
1 27 2 19 
1 27 2 20 
1 27 2 21 
1 27 1 21 
1 27 1 22 
1 27 1 23 
1 27 1 24 
1 27 1 25 
1 27 1 26 
1 27 1 27 

32 37 3 12 
32 37 3 13 
32 37 4 13 
32 37 4 14 
32 37 5 14 
32 37 6 14 
32 37 6 15 
32 37 7 15 
32 37 8 15 
32 37 8 16 
32 37 9 16 
32 37 9 17 
32 37 10 17 
32 37 10 18 
32 37 11 18 
32 37 11 19 
32 37 11 20 
32 37 12 20 
32 37 13 20 
32 37 13 21 
32 37 14 21 

15 45 40 5 
15 45 39 5 
15 45 38 5 
15 45 37 5 
15 45 36 5 
15 45 35 5 
15 45 34 5 
15 45 33 5 
15 45 32 5 
15 45 31 5 
15 45 30 5 
15 45 30 6 
15 45 29 6 
15 45 28 6 
15 45 28 5 
15 45 27 5 
15 45 26 5 
15 45 25 5 
15 45 25 6 
15 45 24 6 
15 45 24 7 

5 28 13 1 
5 28 12 1 
5 28 12 2 
5 28 11 2 
5 28 11 3 
5 28 10 3 
5 28 9 3 
5 28 8 3 
5 28 7 3 
5 28 7 4 
5 28 7 5 
5 28 6 5 
5 28 6 6 
5 28 6 7 
5 28 6 8 
5 28 5 8 
5 28 5 9 
5 28 5 10 
5 28 5 11 
5 28 5 12 
5 28 5 13 

34 18 8 18 
34 18 9 18 
34 18 10 18 
34 18 11 18 
34 18 12 18 
34 18 13 18 
34 18 14 18 
34 18 15 18 
34 18 16 18 
34 18 17 18 
34 18 18 18 
34 18 19 18 
34 18 20 18 
34 18 21 18 
34 18 22 18 
34 18 23 18 
34 18 24 18 
34 18 25 18 
34 18 26 18 
34 18 27 18 
34 18 28 18 

14 4 6 35 
14 4 7 35 
14 4 8 35 
14 4 8 34 
14 4 8 33 
14 4 9 33 
14 4 9 32 
14 4 9 31 
14 4 10 31 
14 4 10 30 
14 4 9 30 
14 4 9 29 
14 4 9 28 
14 4 10 28 
14 4 11 28 
14 4 12 28 
14 4 12 27 
14 4 12 26 
14 4 12 25 
14 4 13 25 
14 4 13 24 

43 16 29 35 
43 16 30 35 
43 16 30 34 
43 16 30 33 
43 16 30 32 
43 16 31 32 
43 16 32 32 
43 16 32 31 
43 16 32 30 
43 16 32 29 
43 16 33 29 
43 16 33 28 
43 16 33 27 
43 16 33 26 
43 16 34 26 
43 16 34 25 
43 16 34 24 
43 16 34 23 
43 16 35 23 
43 16 35 22 
43 16 36 22 

18 10 40 46 
18 10 39 46 
18 10 39 45 
18 10 39 44 
18 10 38 44 
18 10 38 43 
18 10 37 43 
18 10 36 43 
18 10 35 43 
18 10 35 42 
18 10 34 42 
18 10 34 43 
18 10 33 43 
18 10 32 43 
18 10 32 42 
18 10 31 42 
18 10 30 42 
18 10 30 41 
18 10 29 41 
18 10 28 41 
18 10 28 40 

7 2 32 42 
7 2 31 42 
7 2 31 41 
7 2 31 40 
7 2 30 40 
7 2 30 39 
7 2 30 38 
7 2 30 37 
7 2 30 36 
7 2 29 36 
7 2 28 36 
7 2 28 35 
7 2 28 34 
7 2 28 33 
7 2 27 33 
7 2 27 32 
7 2 27 31 
7 2 27 30 
7 2 26 30 
7 2 25 30 
7 2 24 30 

20 19 2 32 
20 19 2 31 
20 19 2 30 
20 19 2 29 
20 19 2 28 
20 19 2 27 
20 19 3 27 
20 19 3 26 
20 19 3 25 
20 19 4 25 
20 19 4 24 
20 19 5 24 
20 19 5 23 
20 19 4 23 
20 19 4 22 
20 19 4 21 
20 19 4 20 
20 19 4 19 
20 19 5 19 
20 19 5 18 
20 19 5 17 