15 1 10 16 
15 1 10 15 
15 1 11 15 
15 1 12 15 
15 1 13 15 
15 1 13 16 
15 1 12 16 
15 1 11 16 
15 1 11 17 
15 1 10 17 
15 1 9 17 
15 1 9 16 
15 1 10 16 
15 1 10 15 
15 1 11 15 
15 1 12 15 
15 1 13 15 
15 1 13 16 
15 1 12 16 
15 1 11 16 
15 1 11 17 

12 12 12 2 
12 12 12 1 
12 12 13 1 
12 12 14 1 
12 12 15 1 
12 12 15 2 
12 12 14 2 
12 12 13 2 
12 12 13 3 
12 12 12 3 
12 12 11 3 
12 12 11 2 
12 12 12 2 
12 12 12 1 
12 12 13 1 
12 12 14 1 
12 12 15 1 
12 12 15 2 
12 12 14 2 
12 12 13 2 
12 12 13 3 

6 11 18 5 
6 11 18 4 
6 11 18 3 
6 11 17 3 
6 11 17 2 
6 11 18 2 
6 11 19 2 
6 11 19 3 
6 11 19 4 
6 11 19 5 
6 11 18 5 
6 11 18 4 
6 11 18 3 
6 11 17 3 
6 11 17 2 
6 11 18 2 
6 11 19 2 
6 11 19 3 
6 11 19 4 
6 11 19 5 
6 11 18 5 

19 11 11 11 
19 11 11 12 
19 11 12 12 
19 11 12 13 
19 11 12 14 
19 11 11 14 
19 11 11 13 
19 11 10 13 
19 11 10 12 
19 11 10 11 
19 11 10 10 
19 11 11 10 
19 11 11 11 
19 11 11 12 
19 11 12 12 
19 11 12 13 
19 11 12 14 
19 11 11 14 
19 11 11 13 
19 11 10 13 
19 11 10 12 

18 3 17 10 
18 3 17 9 
18 3 16 9 
18 3 15 9 
18 3 14 9 
18 3 14 10 
18 3 14 11 
18 3 15 11 
18 3 16 11 
18 3 17 11 
18 3 17 10 
18 3 17 9 
18 3 16 9 
18 3 15 9 
18 3 14 9 
18 3 14 10 
18 3 14 11 
18 3 15 11 
18 3 16 11 
18 3 17 11 
18 3 17 10 

13 8 4 15 
13 8 4 14 
13 8 3 14 
13 8 2 14 
13 8 1 14 
13 8 1 15 
13 8 2 15 
13 8 3 15 
13 8 3 16 
13 8 4 16 
13 8 5 16 
13 8 5 15 
13 8 4 15 
13 8 4 14 
13 8 3 14 
13 8 2 14 
13 8 1 14 
13 8 1 15 
13 8 2 15 
13 8 3 15 
13 8 3 16 

17 12 15 12 
17 12 14 12 
17 12 13 12 
17 12 12 12 
17 12 12 11 
17 12 13 11 
17 12 14 11 
17 12 15 11 
17 12 16 11 
17 12 16 12 
17 12 16 13 
17 12 15 13 
17 12 15 12 
17 12 14 12 
17 12 13 12 
17 12 12 12 
17 12 12 11 
17 12 13 11 
17 12 14 11 
17 12 15 11 
17 12 16 11 

12 17 8 14 
12 17 8 15 
12 17 7 15 
12 17 6 15 
12 17 5 15 
12 17 5 14 
12 17 6 14 
12 17 7 14 
12 17 7 13 
12 17 8 13 
12 17 8 14 
12 17 8 15 
12 17 7 15 
12 17 6 15 
12 17 5 15 
12 17 5 14 
12 17 6 14 
12 17 7 14 
12 17 7 13 
12 17 8 13 
12 17 8 14 

11 6 17 9 
11 6 18 9 
11 6 18 8 
11 6 19 8 
11 6 20 8 
11 6 20 9 
11 6 20 10 
11 6 19 10 
11 6 18 10 
11 6 17 10 
11 6 17 9 
11 6 18 9 
11 6 18 8 
11 6 19 8 
11 6 20 8 
11 6 20 9 
11 6 20 10 
11 6 19 10 
11 6 18 10 
11 6 17 10 
11 6 17 9 

21 11 6 18 
21 11 6 17 
21 11 6 16 
21 11 6 15 
21 11 7 15 
21 11 7 16 
21 11 7 17 
21 11 7 18 
21 11 8 18 
21 11 8 19 
21 11 7 19 
21 11 6 19 
21 11 5 19 
21 11 5 18 
21 11 6 18 
21 11 6 17 
21 11 6 16 
21 11 6 15 
21 11 7 15 
21 11 7 16 
21 11 7 17 

14 6 12 20 
14 6 12 19 
14 6 11 19 
14 6 10 19 
14 6 9 19 
14 6 9 20 
14 6 10 20 
14 6 11 20 
14 6 11 21 
14 6 12 21 
14 6 13 21 
14 6 13 20 
14 6 12 20 
14 6 12 19 
14 6 11 19 
14 6 10 19 
14 6 9 19 
14 6 9 20 
14 6 10 20 
14 6 11 20 
14 6 11 21 

22 17 20 2 
22 17 20 1 
22 17 19 1 
22 17 18 1 
22 17 17 1 
22 17 17 2 
22 17 18 2 
22 17 19 2 
22 17 19 3 
22 17 20 3 
22 17 21 3 
22 17 21 2 
22 17 20 2 
22 17 20 1 
22 17 19 1 
22 17 18 1 
22 17 17 1 
22 17 17 2 
22 17 18 2 
22 17 19 2 
22 17 19 3 

2 17 10 12 
2 17 11 12 
2 17 11 11 
2 17 12 11 
2 17 12 10 
2 17 11 10 
2 17 10 10 
2 17 10 11 
2 17 9 11 
2 17 9 12 
2 17 9 13 
2 17 10 13 
2 17 10 12 
2 17 11 12 
2 17 11 11 
2 17 12 11 
2 17 12 10 
2 17 11 10 
2 17 10 10 
2 17 10 11 
2 17 9 11 

15 10 11 11 
15 10 11 10 
15 10 12 10 
15 10 12 9 
15 10 13 9 
15 10 13 10 
15 10 13 11 
15 10 12 11 
15 10 12 12 
15 10 11 12 
15 10 10 12 
15 10 10 11 
15 10 11 11 
15 10 11 10 
15 10 12 10 
15 10 12 9 
15 10 13 9 
15 10 13 10 
15 10 13 11 
15 10 12 11 
15 10 12 12 

19 14 9 18 
19 14 10 18 
19 14 10 17 
19 14 10 16 
19 14 11 16 
19 14 11 17 
19 14 11 18 
19 14 11 19 
19 14 10 19 
19 14 9 19 
19 14 9 18 
19 14 10 18 
19 14 10 17 
19 14 10 16 
19 14 11 16 
19 14 11 17 
19 14 11 18 
19 14 11 19 
19 14 10 19 
19 14 9 19 
19 14 9 18 

7 12 13 20 
7 12 12 20 
7 12 11 20 
7 12 11 19 
7 12 11 18 
7 12 12 18 
7 12 12 19 
7 12 13 19 
7 12 13 18 
7 12 13 17 
7 12 13 16 
7 12 12 16 
7 12 12 17 
7 12 11 17 
7 12 11 16 
7 12 11 15 
7 12 12 15 
7 12 13 15 
7 12 14 15 
7 12 14 16 
7 12 14 17 

14 12 20 4 
14 12 20 3 
14 12 21 3 
14 12 22 3 
14 12 22 2 
14 12 21 2 
14 12 20 2 
14 12 19 2 
14 12 19 3 
14 12 19 4 
14 12 20 4 
14 12 20 3 
14 12 21 3 
14 12 22 3 
14 12 22 2 
14 12 21 2 
14 12 20 2 
14 12 19 2 
14 12 19 3 
14 12 19 4 
14 12 20 4 

6 8 19 16 
6 8 18 16 
6 8 18 15 
6 8 18 14 
6 8 18 13 
6 8 19 13 
6 8 19 14 
6 8 19 15 
6 8 20 15 
6 8 20 16 
6 8 20 17 
6 8 19 17 
6 8 19 16 
6 8 18 16 
6 8 18 15 
6 8 18 14 
6 8 18 13 
6 8 19 13 
6 8 19 14 
6 8 19 15 
6 8 20 15 

3 3 8 20 
3 3 8 21 
3 3 8 22 
3 3 7 22 
3 3 6 22 
3 3 6 21 
3 3 6 20 
3 3 7 20 
3 3 7 19 
3 3 8 19 
3 3 8 20 
3 3 8 21 
3 3 8 22 
3 3 7 22 
3 3 6 22 
3 3 6 21 
3 3 6 20 
3 3 7 20 
3 3 7 19 
3 3 8 19 
3 3 8 20 

21 15 3 1 
21 15 4 1 
21 15 4 2 
21 15 5 2 
21 15 5 3 
21 15 4 3 
21 15 3 3 
21 15 3 2 
21 15 2 2 
21 15 2 1 
21 15 3 1 
21 15 4 1 
21 15 4 2 
21 15 5 2 
21 15 5 3 
21 15 4 3 
21 15 3 3 
21 15 3 2 
21 15 2 2 
21 15 2 1 
21 15 3 1 

19 10 14 11 
19 10 14 10 
19 10 14 9 
19 10 15 9 
19 10 16 9 
19 10 16 10 
19 10 15 10 
19 10 15 11 
19 10 16 11 
19 10 16 12 
19 10 15 12 
19 10 14 12 
19 10 13 12 
19 10 13 11 
19 10 14 11 
19 10 14 10 
19 10 14 9 
19 10 15 9 
19 10 16 9 
19 10 16 10 
19 10 15 10 

9 14 17 7 
9 14 17 8 
9 14 16 8 
9 14 15 8 
9 14 14 8 
9 14 14 7 
9 14 15 7 
9 14 16 7 
9 14 16 6 
9 14 17 6 
9 14 18 6 
9 14 18 7 
9 14 17 7 
9 14 17 8 
9 14 16 8 
9 14 15 8 
9 14 14 8 
9 14 14 7 
9 14 15 7 
9 14 16 7 
9 14 16 6 

7 11 13 16 
7 11 13 15 
7 11 13 14 
7 11 14 14 
7 11 15 14 
7 11 15 15 
7 11 15 16 
7 11 14 16 
7 11 14 17 
7 11 13 17 
7 11 12 17 
7 11 12 16 
7 11 13 16 
7 11 13 15 
7 11 13 14 
7 11 14 14 
7 11 15 14 
7 11 15 15 
7 11 15 16 
7 11 14 16 
7 11 14 17 

4 22 11 4 
4 22 12 4 
4 22 13 4 
4 22 13 3 
4 22 13 2 
4 22 12 2 
4 22 11 2 
4 22 11 3 
4 22 12 3 
4 22 12 4 
4 22 12 5 
4 22 11 5 
4 22 11 4 
4 22 12 4 
4 22 13 4 
4 22 13 3 
4 22 13 2 
4 22 12 2 
4 22 11 2 
4 22 11 3 
4 22 12 3 

6 11 9 15 
6 11 9 16 
6 11 9 17 
6 11 10 17 
6 11 10 18 
6 11 9 18 
6 11 8 18 
6 11 8 17 
6 11 8 16 
6 11 8 15 
6 11 9 15 
6 11 9 16 
6 11 9 17 
6 11 10 17 
6 11 10 18 
6 11 9 18 
6 11 8 18 
6 11 8 17 
6 11 8 16 
6 11 8 15 
6 11 9 15 

16 16 16 13 
16 16 16 12 
16 16 16 11 
16 16 17 11 
16 16 18 11 
16 16 18 12 
16 16 17 12 
16 16 17 13 
16 16 17 14 
16 16 16 14 
16 16 15 14 
16 16 15 13 
16 16 16 13 
16 16 16 12 
16 16 16 11 
16 16 17 11 
16 16 18 11 
16 16 18 12 
16 16 17 12 
16 16 17 13 
16 16 17 14 

21 22 17 10 
21 22 17 11 
21 22 17 12 
21 22 17 13 
21 22 18 13 
21 22 18 12 
21 22 18 11 
21 22 18 10 
21 22 18 9 
21 22 17 9 
21 22 16 9 
21 22 16 10 
21 22 17 10 
21 22 17 11 
21 22 17 12 
21 22 17 13 
21 22 18 13 
21 22 18 12 
21 22 18 11 
21 22 18 10 
21 22 18 9 

17 6 4 22 
17 6 4 21 
17 6 4 20 
17 6 4 19 
17 6 3 19 
17 6 3 20 
17 6 3 21 
17 6 3 22 
17 6 2 22 
17 6 1 22 
17 6 1 21 
17 6 2 21 
17 6 2 20 
17 6 1 20 
17 6 1 19 
17 6 2 19 
17 6 2 18 
17 6 3 18 
17 6 4 18 
17 6 5 18 
17 6 5 19 

18 16 5 20 
18 16 5 19 
18 16 6 19 
18 16 6 18 
18 16 6 17 
18 16 5 17 
18 16 5 18 
18 16 4 18 
18 16 4 19 
18 16 4 20 
18 16 4 21 
18 16 5 21 
18 16 5 20 
18 16 5 19 
18 16 6 19 
18 16 6 18 
18 16 6 17 
18 16 5 17 
18 16 5 18 
18 16 4 18 
18 16 4 19 

5 11 4 3 
5 11 4 4 
5 11 3 4 
5 11 2 4 
5 11 2 5 
5 11 3 5 
5 11 4 5 
5 11 5 5 
5 11 5 4 
5 11 5 3 
5 11 5 2 
5 11 4 2 
5 11 4 3 
5 11 4 4 
5 11 3 4 
5 11 2 4 
5 11 2 5 
5 11 3 5 
5 11 4 5 
5 11 5 5 
5 11 5 4 

10 1 7 8 
10 1 8 8 
10 1 8 7 
10 1 8 6 
10 1 8 5 
10 1 7 5 
10 1 7 6 
10 1 7 7 
10 1 6 7 
10 1 6 8 
10 1 7 8 
10 1 8 8 
10 1 8 7 
10 1 8 6 
10 1 8 5 
10 1 7 5 
10 1 7 6 
10 1 7 7 
10 1 6 7 
10 1 6 8 
10 1 7 8 

19 20 22 12 
19 20 22 11 
19 20 21 11 
19 20 20 11 
19 20 20 10 
19 20 21 10 
19 20 22 10 
19 20 23 10 
19 20 23 11 
19 20 23 12 
19 20 22 12 
19 20 22 11 
19 20 21 11 
19 20 20 11 
19 20 20 10 
19 20 21 10 
19 20 22 10 
19 20 23 10 
19 20 23 11 
19 20 23 12 
19 20 22 12 

17 6 22 5 
17 6 22 4 
17 6 21 4 
17 6 21 3 
17 6 20 3 
17 6 20 4 
17 6 20 5 
17 6 21 5 
17 6 21 6 
17 6 22 6 
17 6 23 6 
17 6 23 5 
17 6 22 5 
17 6 22 4 
17 6 21 4 
17 6 21 3 
17 6 20 3 
17 6 20 4 
17 6 20 5 
17 6 21 5 
17 6 21 6 

5 20 18 5 
5 20 18 6 
5 20 19 6 
5 20 19 7 
5 20 20 7 
5 20 20 6 
5 20 20 5 
5 20 19 5 
5 20 19 4 
5 20 18 4 
5 20 17 4 
5 20 17 5 
5 20 18 5 
5 20 18 6 
5 20 19 6 
5 20 19 7 
5 20 20 7 
5 20 20 6 
5 20 20 5 
5 20 19 5 
5 20 19 4 

10 5 22 1 
10 5 21 1 
10 5 21 2 
10 5 21 3 
10 5 20 3 
10 5 20 2 
10 5 20 1 
10 5 19 1 
10 5 19 2 
10 5 19 3 
10 5 18 3 
10 5 18 2 
10 5 18 1 
10 5 17 1 
10 5 16 1 
10 5 16 2 
10 5 17 2 
10 5 17 3 
10 5 16 3 
10 5 16 4 
10 5 17 4 

8 18 4 22 
8 18 4 21 
8 18 4 20 
8 18 4 19 
8 18 5 19 
8 18 5 20 
8 18 5 21 
8 18 5 22 
8 18 6 22 
8 18 7 22 
8 18 7 21 
8 18 6 21 
8 18 6 20 
8 18 7 20 
8 18 8 20 
8 18 8 21 
8 18 8 22 
8 18 9 22 
8 18 9 21 
8 18 9 20 
8 18 10 20 

7 13 18 12 
7 13 19 12 
7 13 19 13 
7 13 19 14 
7 13 19 15 
7 13 18 15 
7 13 18 14 
7 13 17 14 
7 13 17 13 
7 13 17 12 
7 13 18 12 
7 13 19 12 
7 13 19 13 
7 13 19 14 
7 13 19 15 
7 13 18 15 
7 13 18 14 
7 13 17 14 
7 13 17 13 
7 13 17 12 
7 13 18 12 

1 9 5 1 
1 9 4 1 
1 9 3 1 
1 9 2 1 
1 9 1 1 
1 9 1 2 
1 9 2 2 
1 9 3 2 
1 9 4 2 
1 9 5 2 
1 9 5 1 
1 9 4 1 
1 9 3 1 
1 9 2 1 
1 9 1 1 
1 9 1 2 
1 9 2 2 
1 9 3 2 
1 9 4 2 
1 9 5 2 
1 9 5 1 

2 19 2 11 
2 19 3 11 
2 19 3 12 
2 19 3 13 
2 19 4 13 
2 19 4 12 
2 19 4 11 
2 19 4 10 
2 19 3 10 
2 19 2 10 
2 19 1 10 
2 19 1 11 
2 19 2 11 
2 19 3 11 
2 19 3 12 
2 19 3 13 
2 19 4 13 
2 19 4 12 
2 19 4 11 
2 19 4 10 
2 19 3 10 

20 22 18 9 
20 22 18 8 
20 22 17 8 
20 22 17 7 
20 22 16 7 
20 22 16 8 
20 22 16 9 
20 22 17 9 
20 22 17 10 
20 22 18 10 
20 22 18 9 
20 22 18 8 
20 22 17 8 
20 22 17 7 
20 22 16 7 
20 22 16 8 
20 22 16 9 
20 22 17 9 
20 22 17 10 
20 22 18 10 
20 22 18 9 

10 15 1 20 
10 15 1 21 
10 15 1 22 
10 15 2 22 
10 15 3 22 
10 15 3 21 
10 15 2 21 
10 15 2 20 
10 15 1 20 
10 15 1 21 
10 15 1 22 
10 15 2 22 
10 15 3 22 
10 15 3 21 
10 15 2 21 
10 15 2 20 
10 15 1 20 
10 15 1 21 
10 15 1 22 
10 15 2 22 
10 15 3 22 

15 15 4 19 
15 15 3 19 
15 15 2 19 
15 15 1 19 
15 15 1 18 
15 15 2 18 
15 15 3 18 
15 15 4 18 
15 15 4 17 
15 15 5 17 
15 15 5 18 
15 15 5 19 
15 15 5 20 
15 15 4 20 
15 15 4 19 
15 15 3 19 
15 15 2 19 
15 15 1 19 
15 15 1 18 
15 15 2 18 
15 15 3 18 

22 7 6 4 
22 7 7 4 
22 7 8 4 
22 7 9 4 
22 7 10 4 
22 7 10 5 
22 7 9 5 
22 7 8 5 
22 7 7 5 
22 7 6 5 
22 7 6 4 
22 7 7 4 
22 7 8 4 
22 7 9 4 
22 7 10 4 
22 7 10 5 
22 7 9 5 
22 7 8 5 
22 7 7 5 
22 7 6 5 
22 7 6 4 

2 16 11 8 
2 16 11 9 
2 16 11 10 
2 16 10 10 
2 16 10 11 
2 16 11 11 
2 16 12 11 
2 16 12 10 
2 16 12 9 
2 16 12 8 
2 16 11 8 
2 16 11 9 
2 16 11 10 
2 16 10 10 
2 16 10 11 
2 16 11 11 
2 16 12 11 
2 16 12 10 
2 16 12 9 
2 16 12 8 
2 16 11 8 

4 15 17 2 
4 15 17 3 
4 15 17 4 
4 15 17 5 
4 15 17 6 
4 15 18 6 
4 15 18 5 
4 15 18 4 
4 15 18 3 
4 15 18 2 
4 15 17 2 
4 15 17 3 
4 15 17 4 
4 15 17 5 
4 15 17 6 
4 15 18 6 
4 15 18 5 
4 15 18 4 
4 15 18 3 
4 15 18 2 
4 15 17 2 

23 15 1 6 
23 15 1 5 
23 15 1 4 
23 15 1 3 
23 15 1 2 
23 15 2 2 
23 15 2 3 
23 15 2 4 
23 15 2 5 
23 15 2 6 
23 15 1 6 
23 15 1 5 
23 15 1 4 
23 15 1 3 
23 15 1 2 
23 15 2 2 
23 15 2 3 
23 15 2 4 
23 15 2 5 
23 15 2 6 
23 15 1 6 

6 18 22 21 
6 18 21 21 
6 18 21 20 
6 18 20 20 
6 18 20 19 
6 18 21 19 
6 18 22 19 
6 18 22 20 
6 18 23 20 
6 18 23 21 
6 18 23 22 
6 18 22 22 
6 18 22 21 
6 18 21 21 
6 18 21 20 
6 18 20 20 
6 18 20 19 
6 18 21 19 
6 18 22 19 
6 18 22 20 
6 18 23 20 

14 17 7 9 
14 17 7 10 
14 17 6 10 
14 17 5 10 
14 17 4 10 
14 17 4 9 
14 17 4 8 
14 17 5 8 
14 17 6 8 
14 17 7 8 
14 17 7 9 
14 17 7 10 
14 17 6 10 
14 17 5 10 
14 17 4 10 
14 17 4 9 
14 17 4 8 
14 17 5 8 
14 17 6 8 
14 17 7 8 
14 17 7 9 

3 10 15 18 
3 10 15 17 
3 10 16 17 
3 10 16 16 
3 10 16 15 
3 10 15 15 
3 10 14 15 
3 10 14 16 
3 10 14 17 
3 10 14 18 
3 10 15 18 
3 10 15 17 
3 10 16 17 
3 10 16 16 
3 10 16 15 
3 10 15 15 
3 10 14 15 
3 10 14 16 
3 10 14 17 
3 10 14 18 
3 10 15 18 

20 6 7 18 
20 6 6 18 
20 6 5 18 
20 6 4 18 
20 6 4 19 
20 6 5 19 
20 6 6 19 
20 6 7 19 
20 6 8 19 
20 6 8 18 
20 6 8 17 
20 6 7 17 
20 6 7 18 
20 6 6 18 
20 6 5 18 
20 6 4 18 
20 6 4 19 
20 6 5 19 
20 6 6 19 
20 6 7 19 
20 6 8 19 

9 8 14 5 
9 8 13 5 
9 8 12 5 
9 8 11 5 
9 8 11 6 
9 8 12 6 
9 8 13 6 
9 8 14 6 
9 8 15 6 
9 8 15 5 
9 8 14 5 
9 8 13 5 
9 8 12 5 
9 8 11 5 
9 8 11 6 
9 8 12 6 
9 8 13 6 
9 8 14 6 
9 8 15 6 
9 8 15 5 
9 8 14 5 

5 20 1 16 
5 20 1 15 
5 20 1 14 
5 20 2 14 
5 20 2 13 
5 20 1 13 
5 20 1 12 
5 20 2 12 
5 20 3 12 
5 20 3 13 
5 20 3 14 
5 20 3 15 
5 20 3 16 
5 20 3 17 
5 20 2 17 
5 20 1 17 
5 20 1 16 
5 20 1 15 
5 20 1 14 
5 20 2 14 
5 20 2 13 

1 5 12 18 
1 5 13 18 
1 5 13 19 
1 5 13 20 
1 5 14 20 
1 5 14 19 
1 5 14 18 
1 5 14 17 
1 5 13 17 
1 5 12 17 
1 5 12 18 
1 5 13 18 
1 5 13 19 
1 5 13 20 
1 5 14 20 
1 5 14 19 
1 5 14 18 
1 5 14 17 
1 5 13 17 
1 5 12 17 
1 5 12 18 

7 7 22 20 
7 7 22 21 
7 7 23 21 
7 7 23 22 
7 7 22 22 
7 7 21 22 
7 7 21 21 
7 7 21 20 
7 7 21 19 
7 7 22 19 
7 7 22 20 
7 7 22 21 
7 7 23 21 
7 7 23 22 
7 7 22 22 
7 7 21 22 
7 7 21 21 
7 7 21 20 
7 7 21 19 
7 7 22 19 
7 7 22 20 

17 16 22 21 
17 16 23 21 
17 16 23 20 
17 16 23 19 
17 16 23 18 
17 16 22 18 
17 16 22 19 
17 16 22 20 
17 16 21 20 
17 16 21 21 
17 16 21 22 
17 16 22 22 
17 16 22 21 
17 16 23 21 
17 16 23 20 
17 16 23 19 
17 16 23 18 
17 16 22 18 
17 16 22 19 
17 16 22 20 
17 16 21 20 

9 17 12 14 
9 17 12 15 
9 17 11 15 
9 17 10 15 
9 17 10 16 
9 17 11 16 
9 17 12 16 
9 17 12 17 
9 17 12 18 
9 17 12 19 
9 17 12 20 
9 17 12 21 
9 17 12 22 
9 17 13 22 
9 17 13 21 
9 17 13 20 
9 17 13 19 
9 17 13 18 
9 17 13 17 
9 17 13 16 
9 17 13 15 

11 14 21 2 
11 14 21 1 
11 14 20 1 
11 14 19 1 
11 14 18 1 
11 14 18 2 
11 14 19 2 
11 14 20 2 
11 14 20 3 
11 14 21 3 
11 14 22 3 
11 14 22 2 
11 14 21 2 
11 14 21 1 
11 14 20 1 
11 14 19 1 
11 14 18 1 
11 14 18 2 
11 14 19 2 
11 14 20 2 
11 14 20 3 

12 21 21 4 
12 21 21 3 
12 21 20 3 
12 21 20 2 
12 21 20 1 
12 21 21 1 
12 21 21 2 
12 21 22 2 
12 21 22 3 
12 21 22 4 
12 21 21 4 
12 21 21 3 
12 21 20 3 
12 21 20 2 
12 21 20 1 
12 21 21 1 
12 21 21 2 
12 21 22 2 
12 21 22 3 
12 21 22 4 
12 21 21 4 

15 16 16 13 
15 16 16 12 
15 16 15 12 
15 16 15 11 
15 16 14 11 
15 16 14 12 
15 16 14 13 
15 16 15 13 
15 16 15 14 
15 16 16 14 
15 16 17 14 
15 16 17 13 
15 16 16 13 
15 16 16 12 
15 16 15 12 
15 16 15 11 
15 16 14 11 
15 16 14 12 
15 16 14 13 
15 16 15 13 
15 16 15 14 

6 15 17 6 
6 15 17 7 
6 15 17 8 
6 15 17 9 
6 15 17 10 
6 15 18 10 
6 15 18 9 
6 15 18 8 
6 15 18 7 
6 15 18 6 
6 15 17 6 
6 15 17 7 
6 15 17 8 
6 15 17 9 
6 15 17 10 
6 15 18 10 
6 15 18 9 
6 15 18 8 
6 15 18 7 
6 15 18 6 
6 15 17 6 

19 19 9 4 
19 19 10 4 
19 19 10 5 
19 19 10 6 
19 19 11 6 
19 19 11 5 
19 19 11 4 
19 19 11 3 
19 19 10 3 
19 19 9 3 
19 19 9 4 
19 19 10 4 
19 19 10 5 
19 19 10 6 
19 19 11 6 
19 19 11 5 
19 19 11 4 
19 19 11 3 
19 19 10 3 
19 19 9 3 
19 19 9 4 

13 20 11 2 
13 20 10 2 
13 20 10 1 
13 20 9 1 
13 20 8 1 
13 20 8 2 
13 20 9 2 
13 20 9 3 
13 20 10 3 
13 20 11 3 
13 20 11 2 
13 20 10 2 
13 20 10 1 
13 20 9 1 
13 20 8 1 
13 20 8 2 
13 20 9 2 
13 20 9 3 
13 20 10 3 
13 20 11 3 
13 20 11 2 

13 21 18 10 
13 21 17 10 
13 21 16 10 
13 21 16 9 
13 21 16 8 
13 21 17 8 
13 21 18 8 
13 21 18 9 
13 21 19 9 
13 21 19 10 
13 21 19 11 
13 21 18 11 
13 21 18 10 
13 21 17 10 
13 21 16 10 
13 21 16 9 
13 21 16 8 
13 21 17 8 
13 21 18 8 
13 21 18 9 
13 21 19 9 

10 11 18 5 
10 11 17 5 
10 11 17 4 
10 11 17 3 
10 11 17 2 
10 11 18 2 
10 11 18 3 
10 11 19 3 
10 11 19 4 
10 11 19 5 
10 11 18 5 
10 11 17 5 
10 11 17 4 
10 11 17 3 
10 11 17 2 
10 11 18 2 
10 11 18 3 
10 11 19 3 
10 11 19 4 
10 11 19 5 
10 11 18 5 

18 11 20 7 
18 11 20 8 
18 11 20 9 
18 11 21 9 
18 11 22 9 
18 11 22 8 
18 11 21 8 
18 11 21 7 
18 11 21 6 
18 11 20 6 
18 11 20 7 
18 11 20 8 
18 11 20 9 
18 11 21 9 
18 11 22 9 
18 11 22 8 
18 11 21 8 
18 11 21 7 
18 11 21 6 
18 11 20 6 
18 11 20 7 

14 2 7 10 
14 2 6 10 
14 2 5 10 
14 2 4 10 
14 2 4 9 
14 2 5 9 
14 2 6 9 
14 2 7 9 
14 2 7 8 
14 2 7 7 
14 2 6 7 
14 2 6 8 
14 2 5 8 
14 2 5 7 
14 2 5 6 
14 2 6 6 
14 2 7 6 
14 2 8 6 
14 2 8 7 
14 2 8 8 
14 2 8 9 

22 17 17 21 
22 17 17 22 
22 17 18 22 
22 17 19 22 
22 17 20 22 
22 17 20 21 
22 17 19 21 
22 17 19 20 
22 17 18 20 
22 17 17 20 
22 17 17 21 
22 17 17 22 
22 17 18 22 
22 17 19 22 
22 17 20 22 
22 17 20 21 
22 17 19 21 
22 17 19 20 
22 17 18 20 
22 17 17 20 
22 17 17 21 

22 18 11 21 
22 18 12 21 
22 18 13 21 
22 18 13 20 
22 18 14 20 
22 18 14 21 
22 18 15 21 
22 18 15 22 
22 18 14 22 
22 18 13 22 
22 18 12 22 
22 18 11 22 
22 18 10 22 
22 18 10 21 
22 18 11 21 
22 18 12 21 
22 18 13 21 
22 18 13 20 
22 18 14 20 
22 18 14 21 
22 18 15 21 

13 8 9 11 
13 8 9 10 
13 8 10 10 
13 8 11 10 
13 8 11 9 
13 8 10 9 
13 8 9 9 
13 8 8 9 
13 8 8 10 
13 8 8 11 
13 8 8 12 
13 8 9 12 
13 8 9 11 
13 8 9 10 
13 8 10 10 
13 8 11 10 
13 8 11 9 
13 8 10 9 
13 8 9 9 
13 8 8 9 
13 8 8 10 

19 5 1 7 
19 5 1 6 
19 5 2 6 
19 5 3 6 
19 5 3 5 
19 5 2 5 
19 5 1 5 
19 5 1 4 
19 5 2 4 
19 5 3 4 
19 5 4 4 
19 5 4 5 
19 5 4 6 
19 5 4 7 
19 5 4 8 
19 5 3 8 
19 5 2 8 
19 5 1 8 
19 5 1 7 
19 5 1 6 
19 5 2 6 

3 4 17 14 
3 4 17 13 
3 4 18 13 
3 4 18 12 
3 4 18 11 
3 4 17 11 
3 4 17 12 
3 4 16 12 
3 4 16 13 
3 4 16 14 
3 4 16 15 
3 4 17 15 
3 4 17 14 
3 4 17 13 
3 4 18 13 
3 4 18 12 
3 4 18 11 
3 4 17 11 
3 4 17 12 
3 4 16 12 
3 4 16 13 

11 22 5 6 
11 22 4 6 
11 22 4 7 
11 22 3 7 
11 22 3 8 
11 22 4 8 
11 22 5 8 
11 22 5 7 
11 22 6 7 
11 22 6 6 
11 22 6 5 
11 22 5 5 
11 22 5 6 
11 22 4 6 
11 22 4 7 
11 22 3 7 
11 22 3 8 
11 22 4 8 
11 22 5 8 
11 22 5 7 
11 22 6 7 

6 21 18 11 
6 21 17 11 
6 21 17 12 
6 21 16 12 
6 21 16 13 
6 21 17 13 
6 21 18 13 
6 21 19 13 
6 21 19 12 
6 21 19 11 
6 21 18 11 
6 21 17 11 
6 21 17 12 
6 21 16 12 
6 21 16 13 
6 21 17 13 
6 21 18 13 
6 21 19 13 
6 21 19 12 
6 21 19 11 
6 21 18 11 

16 6 3 10 
16 6 2 10 
16 6 1 10 
16 6 1 9 
16 6 1 8 
16 6 2 8 
16 6 3 8 
16 6 3 9 
16 6 4 9 
16 6 4 10 
16 6 4 11 
16 6 3 11 
16 6 3 10 
16 6 2 10 
16 6 1 10 
16 6 1 9 
16 6 1 8 
16 6 2 8 
16 6 3 8 
16 6 3 9 
16 6 4 9 

13 14 20 5 
13 14 20 6 
13 14 20 7 
13 14 20 8 
13 14 20 9 
13 14 19 9 
13 14 19 8 
13 14 19 7 
13 14 19 6 
13 14 19 5 
13 14 20 5 
13 14 20 6 
13 14 20 7 
13 14 20 8 
13 14 20 9 
13 14 19 9 
13 14 19 8 
13 14 19 7 
13 14 19 6 
13 14 19 5 
13 14 20 5 

4 19 23 13 
4 19 22 13 
4 19 21 13 
4 19 20 13 
4 19 19 13 
4 19 19 12 
4 19 20 12 
4 19 21 12 
4 19 22 12 
4 19 23 12 
4 19 23 13 
4 19 22 13 
4 19 21 13 
4 19 20 13 
4 19 19 13 
4 19 19 12 
4 19 20 12 
4 19 21 12 
4 19 22 12 
4 19 23 12 
4 19 23 13 

16 15 6 6 
16 15 6 7 
16 15 6 8 
16 15 5 8 
16 15 5 9 
16 15 6 9 
16 15 7 9 
16 15 7 8 
16 15 7 7 
16 15 7 6 
16 15 6 6 
16 15 6 7 
16 15 6 8 
16 15 5 8 
16 15 5 9 
16 15 6 9 
16 15 7 9 
16 15 7 8 
16 15 7 7 
16 15 7 6 
16 15 6 6 

6 13 2 15 
6 13 3 15 
6 13 4 15 
6 13 5 15 
6 13 5 14 
6 13 4 14 
6 13 3 14 
6 13 2 14 
6 13 1 14 
6 13 1 15 
6 13 2 15 
6 13 3 15 
6 13 4 15 
6 13 5 15 
6 13 5 14 
6 13 4 14 
6 13 3 14 
6 13 2 14 
6 13 1 14 
6 13 1 15 
6 13 2 15 

14 16 4 5 
14 16 4 4 
14 16 3 4 
14 16 3 3 
14 16 3 2 
14 16 4 2 
14 16 5 2 
14 16 5 3 
14 16 5 4 
14 16 5 5 
14 16 4 5 
14 16 4 4 
14 16 3 4 
14 16 3 3 
14 16 3 2 
14 16 4 2 
14 16 5 2 
14 16 5 3 
14 16 5 4 
14 16 5 5 
14 16 4 5 

21 21 2 20 
21 21 2 21 
21 21 1 21 
21 21 1 22 
21 21 2 22 
21 21 3 22 
21 21 3 21 
21 21 3 20 
21 21 2 20 
21 21 2 21 
21 21 1 21 
21 21 1 22 
21 21 2 22 
21 21 3 22 
21 21 3 21 
21 21 3 20 
21 21 2 20 
21 21 2 21 
21 21 1 21 
21 21 1 22 
21 21 2 22 

4 19 11 1 
4 19 11 2 
4 19 12 2 
4 19 12 3 
4 19 12 4 
4 19 11 4 
4 19 11 3 
4 19 10 3 
4 19 10 2 
4 19 10 1 
4 19 11 1 
4 19 11 2 
4 19 12 2 
4 19 12 3 
4 19 12 4 
4 19 11 4 
4 19 11 3 
4 19 10 3 
4 19 10 2 
4 19 10 1 
4 19 11 1 

23 22 13 12 
23 22 13 13 
23 22 14 13 
23 22 14 14 
23 22 14 15 
23 22 13 15 
23 22 13 14 
23 22 12 14 
23 22 12 13 
23 22 12 12 
23 22 13 12 
23 22 13 13 
23 22 14 13 
23 22 14 14 
23 22 14 15 
23 22 13 15 
23 22 13 14 
23 22 12 14 
23 22 12 13 
23 22 12 12 
23 22 13 12 

19 11 12 16 
19 11 11 16 
19 11 11 15 
19 11 10 15 
19 11 9 15 
19 11 9 16 
19 11 9 17 
19 11 10 17 
19 11 11 17 
19 11 12 17 
19 11 12 16 
19 11 11 16 
19 11 11 15 
19 11 10 15 
19 11 9 15 
19 11 9 16 
19 11 9 17 
19 11 10 17 
19 11 11 17 
19 11 12 17 
19 11 12 16 

9 14 19 15 
9 14 19 14 
9 14 19 13 
9 14 19 12 
9 14 19 11 
9 14 18 11 
9 14 18 12 
9 14 18 13 
9 14 18 14 
9 14 18 15 
9 14 19 15 
9 14 19 14 
9 14 19 13 
9 14 19 12 
9 14 19 11 
9 14 18 11 
9 14 18 12 
9 14 18 13 
9 14 18 14 
9 14 18 15 
9 14 19 15 

14 21 11 17 
14 21 10 17 
14 21 9 17 
14 21 8 17 
14 21 7 17 
14 21 7 16 
14 21 8 16 
14 21 9 16 
14 21 10 16 
14 21 11 16 
14 21 11 17 
14 21 10 17 
14 21 9 17 
14 21 8 17 
14 21 7 17 
14 21 7 16 
14 21 8 16 
14 21 9 16 
14 21 10 16 
14 21 11 16 
14 21 11 17 

20 3 7 11 
20 3 7 10 
20 3 8 10 
20 3 9 10 
20 3 10 10 
20 3 10 11 
20 3 10 12 
20 3 9 12 
20 3 8 12 
20 3 7 12 
20 3 7 11 
20 3 7 10 
20 3 8 10 
20 3 9 10 
20 3 10 10 
20 3 10 11 
20 3 10 12 
20 3 9 12 
20 3 8 12 
20 3 7 12 
20 3 7 11 

18 13 6 14 
18 13 6 13 
18 13 7 13 
18 13 7 12 
18 13 8 12 
18 13 8 13 
18 13 8 14 
18 13 7 14 
18 13 7 15 
18 13 6 15 
18 13 5 15 
18 13 5 14 
18 13 6 14 
18 13 6 13 
18 13 7 13 
18 13 7 12 
18 13 8 12 
18 13 8 13 
18 13 8 14 
18 13 7 14 
18 13 7 15 

21 10 13 9 
21 10 14 9 
21 10 14 10 
21 10 15 10 
21 10 15 11 
21 10 14 11 
21 10 13 11 
21 10 13 10 
21 10 12 10 
21 10 12 9 
21 10 13 9 
21 10 14 9 
21 10 14 10 
21 10 15 10 
21 10 15 11 
21 10 14 11 
21 10 13 11 
21 10 13 10 
21 10 12 10 
21 10 12 9 
21 10 13 9 

3 16 19 16 
3 16 18 16 
3 16 18 17 
3 16 18 18 
3 16 18 19 
3 16 19 19 
3 16 19 18 
3 16 19 17 
3 16 20 17 
3 16 20 16 
3 16 20 15 
3 16 19 15 
3 16 19 16 
3 16 18 16 
3 16 18 17 
3 16 18 18 
3 16 18 19 
3 16 19 19 
3 16 19 18 
3 16 19 17 
3 16 20 17 

20 7 4 16 
20 7 4 17 
20 7 4 18 
20 7 5 18 
20 7 5 19 
20 7 4 19 
20 7 3 19 
20 7 3 18 
20 7 3 17 
20 7 3 16 
20 7 4 16 
20 7 4 17 
20 7 4 18 
20 7 5 18 
20 7 5 19 
20 7 4 19 
20 7 3 19 
20 7 3 18 
20 7 3 17 
20 7 3 16 
20 7 4 16 

5 17 3 2 
5 17 4 2 
5 17 4 3 
5 17 4 4 
5 17 4 5 
5 17 3 5 
5 17 3 4 
5 17 2 4 
5 17 2 3 
5 17 2 2 
5 17 3 2 
5 17 4 2 
5 17 4 3 
5 17 4 4 
5 17 4 5 
5 17 3 5 
5 17 3 4 
5 17 2 4 
5 17 2 3 
5 17 2 2 
5 17 3 2 

19 4 21 20 
19 4 21 19 
19 4 21 18 
19 4 22 18 
19 4 22 17 
19 4 21 17 
19 4 20 17 
19 4 20 18 
19 4 20 19 
19 4 20 20 
19 4 21 20 
19 4 21 19 
19 4 21 18 
19 4 22 18 
19 4 22 17 
19 4 21 17 
19 4 20 17 
19 4 20 18 
19 4 20 19 
19 4 20 20 
19 4 21 20 

4 19 12 9 
4 19 12 10 
4 19 12 11 
4 19 13 11 
4 19 13 12 
4 19 12 12 
4 19 11 12 
4 19 11 11 
4 19 11 10 
4 19 11 9 
4 19 12 9 
4 19 12 10 
4 19 12 11 
4 19 13 11 
4 19 13 12 
4 19 12 12 
4 19 11 12 
4 19 11 11 
4 19 11 10 
4 19 11 9 
4 19 12 9 

9 12 19 3 
9 12 18 3 
9 12 18 4 
9 12 18 5 
9 12 17 5 
9 12 17 4 
9 12 17 3 
9 12 17 2 
9 12 18 2 
9 12 19 2 
9 12 19 3 
9 12 18 3 
9 12 18 4 
9 12 18 5 
9 12 17 5 
9 12 17 4 
9 12 17 3 
9 12 17 2 
9 12 18 2 
9 12 19 2 
9 12 19 3 

23 21 15 12 
23 21 15 11 
23 21 15 10 
23 21 16 10 
23 21 16 9 
23 21 15 9 
23 21 14 9 
23 21 14 10 
23 21 14 11 
23 21 14 12 
23 21 15 12 
23 21 15 11 
23 21 15 10 
23 21 16 10 
23 21 16 9 
23 21 15 9 
23 21 14 9 
23 21 14 10 
23 21 14 11 
23 21 14 12 
23 21 15 12 

12 5 14 8 
12 5 15 8 
12 5 16 8 
12 5 16 7 
12 5 17 7 
12 5 17 8 
12 5 17 9 
12 5 16 9 
12 5 15 9 
12 5 14 9 
12 5 14 8 
12 5 15 8 
12 5 16 8 
12 5 16 7 
12 5 17 7 
12 5 17 8 
12 5 17 9 
12 5 16 9 
12 5 15 9 
12 5 14 9 
12 5 14 8 

5 21 23 20 
5 21 23 21 
5 21 23 22 
5 21 22 22 
5 21 21 22 
5 21 21 21 
5 21 22 21 
5 21 22 20 
5 21 22 19 
5 21 23 19 
5 21 23 20 
5 21 23 21 
5 21 23 22 
5 21 22 22 
5 21 21 22 
5 21 21 21 
5 21 22 21 
5 21 22 20 
5 21 22 19 
5 21 23 19 
5 21 23 20 

5 8 22 13 
5 8 21 13 
5 8 20 13 
5 8 20 12 
5 8 20 11 
5 8 21 11 
5 8 21 12 
5 8 22 12 
5 8 23 12 
5 8 23 13 
5 8 22 13 
5 8 21 13 
5 8 20 13 
5 8 20 12 
5 8 20 11 
5 8 21 11 
5 8 21 12 
5 8 22 12 
5 8 23 12 
5 8 23 13 
5 8 22 13 

24 37 17 7 
24 37 18 7 
24 37 18 8 
24 37 19 8 
24 37 20 8 
24 37 20 7 
24 37 20 6 
24 37 19 6 
24 37 18 6 
24 37 17 6 
24 37 17 7 
24 37 18 7 
24 37 18 8 
24 37 19 8 
24 37 20 8 
24 37 20 7 
24 37 20 6 
24 37 19 6 
24 37 18 6 
24 37 17 6 
24 37 17 7 

1 42 35 2 
1 42 36 2 
1 42 37 2 
1 42 37 1 
1 42 38 1 
1 42 38 2 
1 42 38 3 
1 42 37 3 
1 42 36 3 
1 42 35 3 
1 42 35 2 
1 42 36 2 
1 42 37 2 
1 42 37 1 
1 42 38 1 
1 42 38 2 
1 42 38 3 
1 42 37 3 
1 42 36 3 
1 42 35 3 
1 42 35 2 

36 22 45 1 
36 22 46 1 
36 22 47 1 
36 22 47 2 
36 22 48 2 
36 22 48 1 
36 22 47 1 
36 22 46 1 
36 22 46 2 
36 22 45 2 
36 22 44 2 
36 22 44 1 
36 22 45 1 
36 22 46 1 
36 22 47 1 
36 22 47 2 
36 22 48 2 
36 22 48 1 
36 22 47 1 
36 22 46 1 
36 22 46 2 

39 21 4 41 
39 21 4 42 
39 21 4 43 
39 21 4 44 
39 21 3 44 
39 21 3 43 
39 21 3 42 
39 21 3 41 
39 21 3 40 
39 21 4 40 
39 21 5 40 
39 21 5 41 
39 21 4 41 
39 21 4 42 
39 21 4 43 
39 21 4 44 
39 21 3 44 
39 21 3 43 
39 21 3 42 
39 21 3 41 
39 21 3 40 

47 35 12 44 
47 35 11 44 
47 35 11 43 
47 35 11 42 
47 35 11 41 
47 35 12 41 
47 35 13 41 
47 35 13 42 
47 35 13 43 
47 35 13 44 
47 35 12 44 
47 35 11 44 
47 35 11 43 
47 35 11 42 
47 35 11 41 
47 35 12 41 
47 35 13 41 
47 35 13 42 
47 35 13 43 
47 35 13 44 
47 35 12 44 

35 26 34 3 
35 26 34 2 
35 26 34 1 
35 26 35 1 
35 26 36 1 
35 26 36 2 
35 26 35 2 
35 26 35 3 
35 26 35 4 
35 26 34 4 
35 26 33 4 
35 26 33 3 
35 26 34 3 
35 26 34 2 
35 26 34 1 
35 26 35 1 
35 26 36 1 
35 26 36 2 
35 26 35 2 
35 26 35 3 
35 26 35 4 

6 7 17 35 
6 7 18 35 
6 7 18 34 
6 7 19 34 
6 7 19 33 
6 7 18 33 
6 7 17 33 
6 7 17 34 
6 7 16 34 
6 7 16 35 
6 7 16 36 
6 7 17 36 
6 7 17 35 
6 7 18 35 
6 7 18 34 
6 7 19 34 
6 7 19 33 
6 7 18 33 
6 7 17 33 
6 7 17 34 
6 7 16 34 

41 26 24 47 
41 26 24 46 
41 26 24 45 
41 26 24 44 
41 26 25 44 
41 26 25 45 
41 26 25 46 
41 26 25 47 
41 26 26 47 
41 26 27 47 
41 26 27 46 
41 26 26 46 
41 26 26 45 
41 26 27 45 
41 26 28 45 
41 26 28 46 
41 26 28 47 
41 26 29 47 
41 26 30 47 
41 26 31 47 
41 26 32 47 

44 28 23 25 
44 28 23 24 
44 28 24 24 
44 28 25 24 
44 28 26 24 
44 28 26 25 
44 28 25 25 
44 28 24 25 
44 28 24 26 
44 28 23 26 
44 28 22 26 
44 28 22 25 
44 28 23 25 
44 28 23 24 
44 28 24 24 
44 28 25 24 
44 28 26 24 
44 28 26 25 
44 28 25 25 
44 28 24 25 
44 28 24 26 

13 28 12 47 
13 28 12 46 
13 28 13 46 
13 28 13 45 
13 28 14 45 
13 28 14 46 
13 28 14 47 
13 28 13 47 
13 28 12 47 
13 28 11 47 
13 28 11 46 
13 28 11 45 
13 28 12 45 
13 28 12 44 
13 28 13 44 
13 28 13 45 
13 28 13 46 
13 28 12 46 
13 28 11 46 
13 28 10 46 
13 28 10 45 

10 10 21 2 
10 10 22 2 
10 10 22 3 
10 10 23 3 
10 10 24 3 
10 10 24 2 
10 10 23 2 
10 10 23 1 
10 10 22 1 
10 10 21 1 
10 10 21 2 
10 10 22 2 
10 10 22 3 
10 10 23 3 
10 10 24 3 
10 10 24 2 
10 10 23 2 
10 10 23 1 
10 10 22 1 
10 10 21 1 
10 10 21 2 

8 28 26 10 
8 28 27 10 
8 28 27 11 
8 28 28 11 
8 28 29 11 
8 28 29 10 
8 28 29 9 
8 28 28 9 
8 28 27 9 
8 28 26 9 
8 28 26 10 
8 28 27 10 
8 28 27 11 
8 28 28 11 
8 28 29 11 
8 28 29 10 
8 28 29 9 
8 28 28 9 
8 28 27 9 
8 28 26 9 
8 28 26 10 

10 14 41 14 
10 14 40 14 
10 14 39 14 
10 14 39 13 
10 14 39 12 
10 14 40 12 
10 14 40 13 
10 14 41 13 
10 14 41 12 
10 14 41 11 
10 14 41 10 
10 14 41 9 
10 14 40 9 
10 14 40 10 
10 14 40 11 
10 14 39 11 
10 14 39 10 
10 14 38 10 
10 14 38 11 
10 14 38 12 
10 14 38 13 

30 26 48 1 
30 26 47 1 
30 26 46 1 
30 26 45 1 
30 26 44 1 
30 26 44 2 
30 26 45 2 
30 26 46 2 
30 26 47 2 
30 26 48 2 
30 26 48 1 
30 26 47 1 
30 26 46 1 
30 26 45 1 
30 26 44 1 
30 26 44 2 
30 26 45 2 
30 26 46 2 
30 26 47 2 
30 26 48 2 
30 26 48 1 

23 25 10 6 
23 25 9 6 
23 25 8 6 
23 25 7 6 
23 25 7 5 
23 25 8 5 
23 25 9 5 
23 25 10 5 
23 25 10 4 
23 25 10 3 
23 25 9 3 
23 25 9 4 
23 25 8 4 
23 25 8 3 
23 25 8 2 
23 25 9 2 
23 25 10 2 
23 25 10 1 
23 25 9 1 
23 25 8 1 
23 25 7 1 

18 40 40 32 
18 40 41 32 
18 40 41 33 
18 40 42 33 
18 40 43 33 
18 40 43 32 
18 40 43 31 
18 40 42 31 
18 40 41 31 
18 40 40 31 
18 40 40 32 
18 40 41 32 
18 40 41 33 
18 40 42 33 
18 40 43 33 
18 40 43 32 
18 40 43 31 
18 40 42 31 
18 40 41 31 
18 40 40 31 
18 40 40 32 

16 42 28 26 
16 42 28 25 
16 42 28 24 
16 42 28 23 
16 42 28 22 
16 42 27 22 
16 42 27 23 
16 42 27 24 
16 42 27 25 
16 42 27 26 
16 42 28 26 
16 42 28 25 
16 42 28 24 
16 42 28 23 
16 42 28 22 
16 42 27 22 
16 42 27 23 
16 42 27 24 
16 42 27 25 
16 42 27 26 
16 42 28 26 

34 19 28 31 
34 19 28 32 
34 19 28 33 
34 19 29 33 
34 19 30 33 
34 19 30 32 
34 19 29 32 
34 19 29 31 
34 19 29 30 
34 19 28 30 
34 19 28 31 
34 19 28 32 
34 19 28 33 
34 19 29 33 
34 19 30 33 
34 19 30 32 
34 19 29 32 
34 19 29 31 
34 19 29 30 
34 19 28 30 
34 19 28 31 

36 31 4 5 
36 31 4 4 
36 31 4 3 
36 31 4 2 
36 31 4 1 
36 31 3 1 
36 31 3 2 
36 31 3 3 
36 31 3 4 
36 31 3 5 
36 31 4 5 
36 31 4 4 
36 31 4 3 
36 31 4 2 
36 31 4 1 
36 31 3 1 
36 31 3 2 
36 31 3 3 
36 31 3 4 
36 31 3 5 
36 31 4 5 

13 14 42 47 
13 14 41 47 
13 14 40 47 
13 14 40 46 
13 14 39 46 
13 14 39 47 
13 14 38 47 
13 14 38 46 
13 14 37 46 
13 14 37 47 
13 14 36 47 
13 14 36 46 
13 14 35 46 
13 14 35 47 
13 14 34 47 
13 14 33 47 
13 14 33 46 
13 14 34 46 
13 14 34 45 
13 14 35 45 
13 14 36 45 

33 3 21 23 
33 3 21 22 
33 3 20 22 
33 3 19 22 
33 3 19 21 
33 3 20 21 
33 3 21 21 
33 3 22 21 
33 3 22 22 
33 3 22 23 
33 3 21 23 
33 3 21 22 
33 3 20 22 
33 3 19 22 
33 3 19 21 
33 3 20 21 
33 3 21 21 
33 3 22 21 
33 3 22 22 
33 3 22 23 
33 3 21 23 

5 13 17 32 
5 13 17 31 
5 13 16 31 
5 13 16 30 
5 13 15 30 
5 13 15 31 
5 13 15 32 
5 13 15 33 
5 13 16 33 
5 13 17 33 
5 13 17 32 
5 13 17 31 
5 13 16 31 
5 13 16 30 
5 13 15 30 
5 13 15 31 
5 13 15 32 
5 13 15 33 
5 13 16 33 
5 13 17 33 
5 13 17 32 

31 27 15 11 
31 27 16 11 
31 27 17 11 
31 27 17 12 
31 27 17 13 
31 27 16 13 
31 27 16 12 
31 27 15 12 
31 27 14 12 
31 27 14 11 
31 27 14 10 
31 27 15 10 
31 27 15 11 
31 27 16 11 
31 27 17 11 
31 27 17 12 
31 27 17 13 
31 27 16 13 
31 27 16 12 
31 27 15 12 
31 27 14 12 

16 3 12 36 
16 3 12 35 
16 3 12 34 
16 3 13 34 
16 3 14 34 
16 3 14 35 
16 3 13 35 
16 3 13 36 
16 3 13 37 
16 3 12 37 
16 3 12 36 
16 3 12 35 
16 3 12 34 
16 3 13 34 
16 3 14 34 
16 3 14 35 
16 3 13 35 
16 3 13 36 
16 3 13 37 
16 3 12 37 
16 3 12 36 

38 14 32 5 
38 14 33 5 
38 14 33 4 
38 14 34 4 
38 14 34 3 
38 14 33 3 
38 14 32 3 
38 14 32 4 
38 14 31 4 
38 14 31 5 
38 14 31 6 
38 14 32 6 
38 14 32 5 
38 14 33 5 
38 14 33 4 
38 14 34 4 
38 14 34 3 
38 14 33 3 
38 14 32 3 
38 14 32 4 
38 14 31 4 

7 42 16 21 
7 42 16 22 
7 42 17 22 
7 42 17 23 
7 42 18 23 
7 42 18 22 
7 42 18 21 
7 42 17 21 
7 42 17 20 
7 42 16 20 
7 42 15 20 
7 42 15 21 
7 42 16 21 
7 42 16 22 
7 42 17 22 
7 42 17 23 
7 42 18 23 
7 42 18 22 
7 42 18 21 
7 42 17 21 
7 42 17 20 

7 33 12 41 
7 33 12 42 
7 33 12 43 
7 33 12 44 
7 33 11 44 
7 33 11 43 
7 33 11 42 
7 33 11 41 
7 33 10 41 
7 33 9 41 
7 33 8 41 
7 33 7 41 
7 33 6 41 
7 33 5 41 
7 33 5 42 
7 33 6 42 
7 33 7 42 
7 33 8 42 
7 33 9 42 
7 33 10 42 
7 33 10 43 

11 8 20 35 
11 8 21 35 
11 8 22 35 
11 8 23 35 
11 8 24 35 
11 8 24 34 
11 8 23 34 
11 8 22 34 
11 8 21 34 
11 8 20 34 
11 8 20 35 
11 8 21 35 
11 8 22 35 
11 8 23 35 
11 8 24 35 
11 8 24 34 
11 8 23 34 
11 8 22 34 
11 8 21 34 
11 8 20 34 
11 8 20 35 

10 30 43 41 
10 30 43 42 
10 30 43 43 
10 30 44 43 
10 30 44 44 
10 30 43 44 
10 30 42 44 
10 30 42 43 
10 30 42 42 
10 30 42 41 
10 30 43 41 
10 30 43 42 
10 30 43 43 
10 30 44 43 
10 30 44 44 
10 30 43 44 
10 30 42 44 
10 30 42 43 
10 30 42 42 
10 30 42 41 
10 30 43 41 

48 29 1 11 
48 29 1 12 
48 29 1 13 
48 29 1 14 
48 29 2 14 
48 29 2 13 
48 29 2 12 
48 29 2 11 
48 29 2 10 
48 29 1 10 
48 29 1 11 
48 29 1 12 
48 29 1 13 
48 29 1 14 
48 29 2 14 
48 29 2 13 
48 29 2 12 
48 29 2 11 
48 29 2 10 
48 29 1 10 
48 29 1 11 

5 2 13 14 
5 2 14 14 
5 2 14 15 
5 2 14 16 
5 2 15 16 
5 2 15 15 
5 2 15 14 
5 2 15 13 
5 2 14 13 
5 2 13 13 
5 2 13 14 
5 2 14 14 
5 2 14 15 
5 2 14 16 
5 2 15 16 
5 2 15 15 
5 2 15 14 
5 2 15 13 
5 2 14 13 
5 2 13 13 
5 2 13 14 

10 20 8 15 
10 20 8 14 
10 20 8 13 
10 20 8 12 
10 20 9 12 
10 20 9 13 
10 20 9 14 
10 20 9 15 
10 20 9 16 
10 20 8 16 
10 20 8 15 
10 20 8 14 
10 20 8 13 
10 20 8 12 
10 20 9 12 
10 20 9 13 
10 20 9 14 
10 20 9 15 
10 20 9 16 
10 20 8 16 
10 20 8 15 

8 24 21 24 
8 24 20 24 
8 24 20 23 
8 24 20 22 
8 24 19 22 
8 24 19 23 
8 24 19 24 
8 24 19 25 
8 24 20 25 
8 24 21 25 
8 24 21 24 
8 24 20 24 
8 24 20 23 
8 24 20 22 
8 24 19 22 
8 24 19 23 
8 24 19 24 
8 24 19 25 
8 24 20 25 
8 24 21 25 
8 24 21 24 

23 41 15 25 
23 41 16 25 
23 41 16 24 
23 41 17 24 
23 41 18 24 
23 41 18 25 
23 41 18 26 
23 41 17 26 
23 41 16 26 
23 41 15 26 
23 41 15 25 
23 41 16 25 
23 41 16 24 
23 41 17 24 
23 41 18 24 
23 41 18 25 
23 41 18 26 
23 41 17 26 
23 41 16 26 
23 41 15 26 
23 41 15 25 

29 45 33 45 
29 45 34 45 
29 45 35 45 
29 45 35 44 
29 45 35 43 
29 45 34 43 
29 45 33 43 
29 45 33 44 
29 45 34 44 
29 45 34 45 
29 45 34 46 
29 45 33 46 
29 45 33 45 
29 45 34 45 
29 45 35 45 
29 45 35 44 
29 45 35 43 
29 45 34 43 
29 45 33 43 
29 45 33 44 
29 45 34 44 

34 31 22 23 
34 31 23 23 
34 31 24 23 
34 31 24 24 
34 31 25 24 
34 31 25 23 
34 31 25 22 
34 31 24 22 
34 31 23 22 
34 31 22 22 
34 31 22 23 
34 31 23 23 
34 31 24 23 
34 31 24 24 
34 31 25 24 
34 31 25 23 
34 31 25 22 
34 31 24 22 
34 31 23 22 
34 31 22 22 
34 31 22 23 

43 42 8 10 
43 42 7 10 
43 42 6 10 
43 42 6 11 
43 42 6 12 
43 42 7 12 
43 42 7 11 
43 42 8 11 
43 42 8 12 
43 42 9 12 
43 42 9 11 
43 42 9 10 
43 42 9 9 
43 42 8 9 
43 42 8 10 
43 42 7 10 
43 42 6 10 
43 42 6 11 
43 42 6 12 
43 42 7 12 
43 42 7 11 

22 4 28 15 
22 4 29 15 
22 4 30 15 
22 4 31 15 
22 4 31 16 
22 4 30 16 
22 4 29 16 
22 4 28 16 
22 4 28 17 
22 4 29 17 
22 4 30 17 
22 4 31 17 
22 4 31 18 
22 4 30 18 
22 4 29 18 
22 4 28 18 
22 4 28 19 
22 4 28 20 
22 4 28 21 
22 4 29 21 
22 4 29 20 

38 41 8 16 
38 41 8 17 
38 41 9 17 
38 41 10 17 
38 41 11 17 
38 41 11 16 
38 41 10 16 
38 41 9 16 
38 41 9 15 
38 41 8 15 
38 41 7 15 
38 41 7 16 
38 41 8 16 
38 41 8 17 
38 41 9 17 
38 41 10 17 
38 41 11 17 
38 41 11 16 
38 41 10 16 
38 41 9 16 
38 41 9 15 

20 2 28 18 
20 2 28 19 
20 2 28 20 
20 2 29 20 
20 2 29 21 
20 2 28 21 
20 2 27 21 
20 2 27 20 
20 2 27 19 
20 2 27 18 
20 2 28 18 
20 2 28 19 
20 2 28 20 
20 2 29 20 
20 2 29 21 
20 2 28 21 
20 2 27 21 
20 2 27 20 
20 2 27 19 
20 2 27 18 
20 2 28 18 

12 24 14 47 
12 24 15 47 
12 24 16 47 
12 24 17 47 
12 24 18 47 
12 24 18 46 
12 24 17 46 
12 24 16 46 
12 24 15 46 
12 24 14 46 
12 24 14 47 
12 24 15 47 
12 24 16 47 
12 24 17 47 
12 24 18 47 
12 24 18 46 
12 24 17 46 
12 24 16 46 
12 24 15 46 
12 24 14 46 
12 24 14 47 

44 5 38 9 
44 5 37 9 
44 5 37 10 
44 5 36 10 
44 5 35 10 
44 5 35 9 
44 5 35 8 
44 5 36 8 
44 5 37 8 
44 5 38 8 
44 5 38 9 
44 5 37 9 
44 5 37 10 
44 5 36 10 
44 5 35 10 
44 5 35 9 
44 5 35 8 
44 5 36 8 
44 5 37 8 
44 5 38 8 
44 5 38 9 

20 7 12 41 
20 7 12 40 
20 7 11 40 
20 7 10 40 
20 7 10 39 
20 7 11 39 
20 7 12 39 
20 7 13 39 
20 7 13 40 
20 7 13 41 
20 7 13 42 
20 7 12 42 
20 7 12 41 
20 7 12 40 
20 7 11 40 
20 7 10 40 
20 7 10 39 
20 7 11 39 
20 7 12 39 
20 7 13 39 
20 7 13 40 

19 4 36 28 
19 4 35 28 
19 4 35 29 
19 4 35 30 
19 4 35 31 
19 4 36 31 
19 4 37 31 
19 4 37 30 
19 4 37 29 
19 4 37 28 
19 4 36 28 
19 4 35 28 
19 4 35 29 
19 4 35 30 
19 4 35 31 
19 4 36 31 
19 4 37 31 
19 4 37 30 
19 4 37 29 
19 4 37 28 
19 4 36 28 

40 37 34 43 
40 37 33 43 
40 37 33 44 
40 37 33 45 
40 37 33 46 
40 37 34 46 
40 37 34 45 
40 37 34 44 
40 37 35 44 
40 37 35 43 
40 37 35 42 
40 37 34 42 
40 37 34 43 
40 37 33 43 
40 37 33 44 
40 37 33 45 
40 37 33 46 
40 37 34 46 
40 37 34 45 
40 37 34 44 
40 37 35 44 

2 4 4 32 
2 4 4 31 
2 4 4 30 
2 4 4 29 
2 4 4 28 
2 4 5 28 
2 4 5 29 
2 4 5 30 
2 4 5 31 
2 4 5 32 
2 4 4 32 
2 4 4 31 
2 4 4 30 
2 4 4 29 
2 4 4 28 
2 4 5 28 
2 4 5 29 
2 4 5 30 
2 4 5 31 
2 4 5 32 
2 4 4 32 

24 14 36 20 
24 14 36 21 
24 14 36 22 
24 14 36 23 
24 14 36 24 
24 14 35 24 
24 14 35 23 
24 14 35 22 
24 14 35 21 
24 14 35 20 
24 14 36 20 
24 14 36 21 
24 14 36 22 
24 14 36 23 
24 14 36 24 
24 14 35 24 
24 14 35 23 
24 14 35 22 
24 14 35 21 
24 14 35 20 
24 14 36 20 

14 28 47 24 
14 28 47 25 
14 28 47 26 
14 28 47 27 
14 28 46 27 
14 28 46 26 
14 28 46 25 
14 28 46 24 
14 28 45 24 
14 28 45 25 
14 28 44 25 
14 28 44 24 
14 28 44 23 
14 28 45 23 
14 28 46 23 
14 28 47 23 
14 28 48 23 
14 28 48 24 
14 28 47 24 
14 28 47 25 
14 28 47 26 

32 26 45 21 
32 26 46 21 
32 26 46 20 
32 26 47 20 
32 26 47 19 
32 26 46 19 
32 26 45 19 
32 26 45 20 
32 26 44 20 
32 26 44 21 
32 26 44 22 
32 26 45 22 
32 26 45 21 
32 26 46 21 
32 26 46 20 
32 26 47 20 
32 26 47 19 
32 26 46 19 
32 26 45 19 
32 26 45 20 
32 26 44 20 

28 18 36 34 
28 18 37 34 
28 18 37 35 
28 18 37 36 
28 18 38 36 
28 18 38 35 
28 18 38 34 
28 18 39 34 
28 18 39 35 
28 18 39 36 
28 18 40 36 
28 18 40 35 
28 18 40 34 
28 18 40 33 
28 18 39 33 
28 18 38 33 
28 18 37 33 
28 18 36 33 
28 18 35 33 
28 18 35 34 
28 18 36 34 

47 25 16 18 
47 25 17 18 
47 25 17 17 
47 25 18 17 
47 25 19 17 
47 25 19 18 
47 25 18 18 
47 25 18 19 
47 25 17 19 
47 25 16 19 
47 25 15 19 
47 25 15 18 
47 25 16 18 
47 25 17 18 
47 25 17 17 
47 25 18 17 
47 25 19 17 
47 25 19 18 
47 25 18 18 
47 25 18 19 
47 25 17 19 

42 20 14 38 
42 20 14 39 
42 20 14 40 
42 20 13 40 
42 20 12 40 
42 20 12 39 
42 20 12 38 
42 20 13 38 
42 20 13 37 
42 20 14 37 
42 20 15 37 
42 20 15 38 
42 20 14 38 
42 20 14 39 
42 20 14 40 
42 20 13 40 
42 20 12 40 
42 20 12 39 
42 20 12 38 
42 20 13 38 
42 20 13 37 

25 23 30 40 
25 23 30 41 
25 23 31 41 
25 23 32 41 
25 23 33 41 
25 23 33 40 
25 23 32 40 
25 23 31 40 
25 23 31 39 
25 23 30 39 
25 23 29 39 
25 23 29 40 
25 23 30 40 
25 23 30 41 
25 23 31 41 
25 23 32 41 
25 23 33 41 
25 23 33 40 
25 23 32 40 
25 23 31 40 
25 23 31 39 

2 9 3 22 
2 9 2 22 
2 9 2 21 
2 9 2 20 
2 9 1 20 
2 9 1 21 
2 9 1 22 
2 9 1 23 
2 9 2 23 
2 9 3 23 
2 9 4 23 
2 9 4 22 
2 9 3 22 
2 9 2 22 
2 9 2 21 
2 9 2 20 
2 9 1 20 
2 9 1 21 
2 9 1 22 
2 9 1 23 
2 9 2 23 

6 40 9 11 
6 40 9 10 
6 40 8 10 
6 40 8 9 
6 40 7 9 
6 40 7 10 
6 40 7 11 
6 40 8 11 
6 40 8 12 
6 40 9 12 
6 40 9 11 
6 40 9 10 
6 40 8 10 
6 40 8 9 
6 40 7 9 
6 40 7 10 
6 40 7 11 
6 40 8 11 
6 40 8 12 
6 40 9 12 
6 40 9 11 

14 29 22 23 
14 29 23 23 
14 29 24 23 
14 29 25 23 
14 29 26 23 
14 29 26 22 
14 29 25 22 
14 29 24 22 
14 29 23 22 
14 29 22 22 
14 29 22 23 
14 29 23 23 
14 29 24 23 
14 29 25 23 
14 29 26 23 
14 29 26 22 
14 29 25 22 
14 29 24 22 
14 29 23 22 
14 29 22 22 
14 29 22 23 

30 5 44 39 
30 5 43 39 
30 5 43 38 
30 5 43 37 
30 5 42 37 
30 5 42 38 
30 5 42 39 
30 5 41 39 
30 5 40 39 
30 5 39 39 
30 5 39 38 
30 5 40 38 
30 5 41 38 
30 5 41 37 
30 5 40 37 
30 5 40 36 
30 5 41 36 
30 5 42 36 
30 5 43 36 
30 5 44 36 
30 5 45 36 

38 3 36 13 
38 3 35 13 
38 3 35 12 
38 3 34 12 
38 3 34 11 
38 3 35 11 
38 3 36 11 
38 3 36 12 
38 3 37 12 
38 3 37 13 
38 3 37 14 
38 3 36 14 
38 3 36 13 
38 3 35 13 
38 3 35 12 
38 3 34 12 
38 3 34 11 
38 3 35 11 
38 3 36 11 
38 3 36 12 
38 3 37 12 

46 34 26 20 
46 34 27 20 
46 34 27 19 
46 34 28 19 
46 34 28 18 
46 34 27 18 
46 34 26 18 
46 34 26 19 
46 34 25 19 
46 34 25 20 
46 34 25 21 
46 34 26 21 
46 34 26 20 
46 34 27 20 
46 34 27 19 
46 34 28 19 
46 34 28 18 
46 34 27 18 
46 34 26 18 
46 34 26 19 
46 34 25 19 

27 1 21 2 
27 1 21 1 
27 1 22 1 
27 1 23 1 
27 1 24 1 
27 1 24 2 
27 1 23 2 
27 1 22 2 
27 1 22 3 
27 1 21 3 
27 1 21 2 
27 1 21 1 
27 1 22 1 
27 1 23 1 
27 1 24 1 
27 1 24 2 
27 1 23 2 
27 1 22 2 
27 1 22 3 
27 1 21 3 
27 1 21 2 

10 14 5 8 
10 14 5 7 
10 14 4 7 
10 14 4 6 
10 14 4 5 
10 14 5 5 
10 14 6 5 
10 14 6 6 
10 14 6 7 
10 14 6 8 
10 14 5 8 
10 14 5 7 
10 14 4 7 
10 14 4 6 
10 14 4 5 
10 14 5 5 
10 14 6 5 
10 14 6 6 
10 14 6 7 
10 14 6 8 
10 14 5 8 

13 17 4 8 
13 17 4 7 
13 17 3 7 
13 17 2 7 
13 17 1 7 
13 17 1 8 
13 17 2 8 
13 17 3 8 
13 17 3 9 
13 17 4 9 
13 17 5 9 
13 17 5 8 
13 17 4 8 
13 17 4 7 
13 17 3 7 
13 17 2 7 
13 17 1 7 
13 17 1 8 
13 17 2 8 
13 17 3 8 
13 17 3 9 

2 30 18 29 
2 30 18 28 
2 30 17 28 
2 30 17 27 
2 30 17 26 
2 30 18 26 
2 30 18 27 
2 30 19 27 
2 30 19 28 
2 30 19 29 
2 30 19 30 
2 30 18 30 
2 30 18 29 
2 30 18 28 
2 30 17 28 
2 30 17 27 
2 30 17 26 
2 30 18 26 
2 30 18 27 
2 30 19 27 
2 30 19 28 

38 41 42 12 
38 41 41 12 
38 41 40 12 
38 41 40 13 
38 41 40 14 
38 41 41 14 
38 41 42 14 
38 41 42 13 
38 41 41 13 
38 41 41 12 
38 41 41 11 
38 41 42 11 
38 41 42 12 
38 41 41 12 
38 41 40 12 
38 41 40 13 
38 41 40 14 
38 41 41 14 
38 41 42 14 
38 41 42 13 
38 41 41 13 

7 12 39 27 
7 12 38 27 
7 12 37 27 
7 12 36 27 
7 12 36 28 
7 12 37 28 
7 12 38 28 
7 12 39 28 
7 12 40 28 
7 12 40 27 
7 12 39 27 
7 12 38 27 
7 12 37 27 
7 12 36 27 
7 12 36 28 
7 12 37 28 
7 12 38 28 
7 12 39 28 
7 12 40 28 
7 12 40 27 
7 12 39 27 

13 14 35 42 
13 14 35 41 
13 14 35 40 
13 14 36 40 
13 14 37 40 
13 14 37 41 
13 14 36 41 
13 14 36 42 
13 14 36 43 
13 14 35 43 
13 14 35 42 
13 14 35 41 
13 14 35 40 
13 14 36 40 
13 14 37 40 
13 14 37 41 
13 14 36 41 
13 14 36 42 
13 14 36 43 
13 14 35 43 
13 14 35 42 

36 2 18 28 
36 2 18 29 
36 2 17 29 
36 2 16 29 
36 2 15 29 
36 2 15 28 
36 2 16 28 
36 2 16 27 
36 2 17 27 
36 2 18 27 
36 2 18 28 
36 2 18 29 
36 2 17 29 
36 2 16 29 
36 2 15 29 
36 2 15 28 
36 2 16 28 
36 2 16 27 
36 2 17 27 
36 2 18 27 
36 2 18 28 

5 37 45 23 
5 37 45 24 
5 37 45 25 
5 37 44 25 
5 37 43 25 
5 37 43 24 
5 37 43 23 
5 37 44 23 
5 37 44 22 
5 37 45 22 
5 37 46 22 
5 37 46 23 
5 37 45 23 
5 37 45 24 
5 37 45 25 
5 37 44 25 
5 37 43 25 
5 37 43 24 
5 37 43 23 
5 37 44 23 
5 37 44 22 

44 5 46 4 
44 5 46 3 
44 5 47 3 
44 5 48 3 
44 5 48 2 
44 5 47 2 
44 5 46 2 
44 5 45 2 
44 5 45 3 
44 5 45 4 
44 5 46 4 
44 5 46 3 
44 5 47 3 
44 5 48 3 
44 5 48 2 
44 5 47 2 
44 5 46 2 
44 5 45 2 
44 5 45 3 
44 5 45 4 
44 5 46 4 

19 9 10 27 
19 9 9 27 
19 9 8 27 
19 9 8 28 
19 9 8 29 
19 9 9 29 
19 9 9 28 
19 9 10 28 
19 9 11 28 
19 9 11 27 
19 9 11 26 
19 9 10 26 
19 9 10 27 
19 9 9 27 
19 9 8 27 
19 9 8 28 
19 9 8 29 
19 9 9 29 
19 9 9 28 
19 9 10 28 
19 9 11 28 

21 27 12 13 
21 27 13 13 
21 27 13 12 
21 27 13 11 
21 27 13 10 
21 27 12 10 
21 27 11 10 
21 27 11 11 
21 27 11 12 
21 27 11 13 
21 27 12 13 
21 27 13 13 
21 27 13 12 
21 27 13 11 
21 27 13 10 
21 27 12 10 
21 27 11 10 
21 27 11 11 
21 27 11 12 
21 27 11 13 
21 27 12 13 

37 10 10 14 
37 10 10 15 
37 10 10 16 
37 10 10 17 
37 10 9 17 
37 10 9 16 
37 10 9 15 
37 10 9 14 
37 10 9 13 
37 10 10 13 
37 10 11 13 
37 10 11 14 
37 10 10 14 
37 10 10 15 
37 10 10 16 
37 10 10 17 
37 10 9 17 
37 10 9 16 
37 10 9 15 
37 10 9 14 
37 10 9 13 

35 36 20 13 
35 36 21 13 
35 36 22 13 
35 36 23 13 
35 36 24 13 
35 36 24 12 
35 36 23 12 
35 36 22 12 
35 36 21 12 
35 36 20 12 
35 36 20 13 
35 36 21 13 
35 36 22 13 
35 36 23 13 
35 36 24 13 
35 36 24 12 
35 36 23 12 
35 36 22 12 
35 36 21 12 
35 36 20 12 
35 36 20 13 

45 47 21 41 
45 47 21 42 
45 47 21 43 
45 47 21 44 
45 47 21 45 
45 47 20 45 
45 47 20 44 
45 47 20 43 
45 47 20 42 
45 47 20 41 
45 47 21 41 
45 47 21 42 
45 47 21 43 
45 47 21 44 
45 47 21 45 
45 47 20 45 
45 47 20 44 
45 47 20 43 
45 47 20 42 
45 47 20 41 
45 47 21 41 

38 9 13 14 
38 9 12 14 
38 9 12 15 
38 9 11 15 
38 9 10 15 
38 9 10 14 
38 9 10 13 
38 9 11 13 
38 9 12 13 
38 9 13 13 
38 9 13 14 
38 9 12 14 
38 9 12 15 
38 9 11 15 
38 9 10 15 
38 9 10 14 
38 9 10 13 
38 9 11 13 
38 9 12 13 
38 9 13 13 
38 9 13 14 

35 47 6 28 
35 47 5 28 
35 47 5 29 
35 47 4 29 
35 47 4 30 
35 47 5 30 
35 47 6 30 
35 47 7 30 
35 47 7 29 
35 47 7 28 
35 47 6 28 
35 47 5 28 
35 47 5 29 
35 47 4 29 
35 47 4 30 
35 47 5 30 
35 47 6 30 
35 47 7 30 
35 47 7 29 
35 47 7 28 
35 47 6 28 

37 34 17 25 
37 34 18 25 
37 34 19 25 
37 34 19 26 
37 34 19 27 
37 34 18 27 
37 34 18 26 
37 34 17 26 
37 34 17 27 
37 34 17 28 
37 34 16 28 
37 34 16 27 
37 34 16 26 
37 34 16 25 
37 34 16 24 
37 34 17 24 
37 34 17 25 
37 34 18 25 
37 34 19 25 
37 34 19 26 
37 34 19 27 

23 22 37 26 
23 22 37 25 
23 22 38 25 
23 22 39 25 
23 22 40 25 
23 22 40 26 
23 22 39 26 
23 22 38 26 
23 22 38 27 
23 22 37 27 
23 22 37 26 
23 22 37 25 
23 22 38 25 
23 22 39 25 
23 22 40 25 
23 22 40 26 
23 22 39 26 
23 22 38 26 
23 22 38 27 
23 22 37 27 
23 22 37 26 

26 33 1 41 
26 33 1 42 
26 33 1 43 
26 33 1 44 
26 33 1 45 
26 33 2 45 
26 33 2 44 
26 33 2 43 
26 33 2 42 
26 33 2 41 
26 33 1 41 
26 33 1 42 
26 33 1 43 
26 33 1 44 
26 33 1 45 
26 33 2 45 
26 33 2 44 
26 33 2 43 
26 33 2 42 
26 33 2 41 
26 33 1 41 

19 8 33 7 
19 8 33 8 
19 8 34 8 
19 8 35 8 
19 8 35 9 
19 8 34 9 
19 8 33 9 
19 8 33 10 
19 8 34 10 
19 8 34 11 
19 8 33 11 
19 8 32 11 
19 8 32 10 
19 8 32 9 
19 8 32 8 
19 8 32 7 
19 8 32 6 
19 8 33 6 
19 8 33 7 
19 8 33 8 
19 8 34 8 

45 23 37 34 
45 23 38 34 
45 23 38 35 
45 23 38 36 
45 23 39 36 
45 23 39 35 
45 23 39 34 
45 23 39 33 
45 23 38 33 
45 23 37 33 
45 23 37 34 
45 23 38 34 
45 23 38 35 
45 23 38 36 
45 23 39 36 
45 23 39 35 
45 23 39 34 
45 23 39 33 
45 23 38 33 
45 23 37 33 
45 23 37 34 

27 15 47 8 
27 15 47 7 
27 15 48 7 
27 15 48 6 
27 15 48 5 
27 15 47 5 
27 15 47 6 
27 15 46 6 
27 15 46 7 
27 15 46 8 
27 15 47 8 
27 15 47 7 
27 15 48 7 
27 15 48 6 
27 15 48 5 
27 15 47 5 
27 15 47 6 
27 15 46 6 
27 15 46 7 
27 15 46 8 
27 15 47 8 

24 9 47 42 
24 9 47 41 
24 9 47 40 
24 9 46 40 
24 9 46 39 
24 9 47 39 
24 9 48 39 
24 9 48 40 
24 9 48 41 
24 9 48 42 
24 9 48 43 
24 9 47 43 
24 9 47 42 
24 9 47 41 
24 9 47 40 
24 9 46 40 
24 9 46 39 
24 9 47 39 
24 9 48 39 
24 9 48 40 
24 9 48 41 

16 31 41 21 
16 31 40 21 
16 31 39 21 
16 31 38 21 
16 31 37 21 
16 31 37 20 
16 31 38 20 
16 31 39 20 
16 31 40 20 
16 31 41 20 
16 31 41 21 
16 31 40 21 
16 31 39 21 
16 31 38 21 
16 31 37 21 
16 31 37 20 
16 31 38 20 
16 31 39 20 
16 31 40 20 
16 31 41 20 
16 31 41 21 

42 36 29 4 
42 36 29 3 
42 36 30 3 
42 36 30 2 
42 36 30 1 
42 36 29 1 
42 36 29 2 
42 36 28 2 
42 36 28 3 
42 36 28 4 
42 36 29 4 
42 36 29 3 
42 36 30 3 
42 36 30 2 
42 36 30 1 
42 36 29 1 
42 36 29 2 
42 36 28 2 
42 36 28 3 
42 36 28 4 
42 36 29 4 

3 10 15 17 
3 10 15 16 
3 10 15 15 
3 10 14 15 
3 10 13 15 
3 10 13 16 
3 10 14 16 
3 10 14 17 
3 10 13 17 
3 10 12 17 
3 10 12 16 
3 10 12 15 
3 10 11 15 
3 10 11 16 
3 10 11 17 
3 10 10 17 
3 10 10 18 
3 10 11 18 
3 10 12 18 
3 10 13 18 
3 10 14 18 

37 32 42 23 
37 32 43 23 
37 32 44 23 
37 32 44 22 
37 32 44 21 
37 32 43 21 
37 32 42 21 
37 32 41 21 
37 32 41 22 
37 32 41 23 
37 32 42 23 
37 32 43 23 
37 32 44 23 
37 32 44 22 
37 32 44 21 
37 32 43 21 
37 32 42 21 
37 32 41 21 
37 32 41 22 
37 32 41 23 
37 32 42 23 

44 42 16 42 
44 42 16 43 
44 42 17 43 
44 42 17 44 
44 42 18 44 
44 42 18 43 
44 42 18 42 
44 42 18 41 
44 42 17 41 
44 42 16 41 
44 42 16 42 
44 42 16 43 
44 42 17 43 
44 42 17 44 
44 42 18 44 
44 42 18 43 
44 42 18 42 
44 42 18 41 
44 42 17 41 
44 42 16 41 
44 42 16 42 

6 31 12 45 
6 31 12 46 
6 31 12 47 
6 31 13 47 
6 31 14 47 
6 31 14 46 
6 31 14 45 
6 31 14 44 
6 31 13 44 
6 31 12 44 
6 31 12 45 
6 31 12 46 
6 31 12 47 
6 31 13 47 
6 31 14 47 
6 31 14 46 
6 31 14 45 
6 31 14 44 
6 31 13 44 
6 31 12 44 
6 31 12 45 

31 44 18 5 
31 44 17 5 
31 44 16 5 
31 44 15 5 
31 44 14 5 
31 44 14 6 
31 44 15 6 
31 44 16 6 
31 44 17 6 
31 44 18 6 
31 44 18 5 
31 44 17 5 
31 44 16 5 
31 44 15 5 
31 44 14 5 
31 44 14 6 
31 44 15 6 
31 44 16 6 
31 44 17 6 
31 44 18 6 
31 44 18 5 

2 19 16 41 
2 19 17 41 
2 19 18 41 
2 19 19 41 
2 19 19 42 
2 19 18 42 
2 19 17 42 
2 19 16 42 
2 19 16 43 
2 19 17 43 
2 19 17 44 
2 19 16 44 
2 19 16 45 
2 19 16 46 
2 19 16 47 
2 19 17 47 
2 19 17 46 
2 19 17 45 
2 19 18 45 
2 19 18 44 
2 19 18 43 

38 5 5 37 
38 5 4 37 
38 5 3 37 
38 5 2 37 
38 5 1 37 
38 5 1 38 
38 5 2 38 
38 5 3 38 
38 5 4 38 
38 5 5 38 
38 5 6 38 
38 5 6 37 
38 5 5 37 
38 5 4 37 
38 5 3 37 
38 5 2 37 
38 5 1 37 
38 5 1 38 
38 5 2 38 
38 5 3 38 
38 5 4 38 

12 23 13 18 
12 23 12 18 
12 23 11 18 
12 23 11 17 
12 23 10 17 
12 23 10 18 
12 23 10 19 
12 23 11 19 
12 23 12 19 
12 23 13 19 
12 23 13 18 
12 23 12 18 
12 23 11 18 
12 23 11 17 
12 23 10 17 
12 23 10 18 
12 23 10 19 
12 23 11 19 
12 23 12 19 
12 23 13 19 
12 23 13 18 

23 16 48 12 
23 16 48 11 
23 16 48 10 
23 16 48 9 
23 16 48 8 
23 16 47 8 
23 16 47 9 
23 16 47 10 
23 16 47 11 
23 16 47 12 
23 16 48 12 
23 16 48 11 
23 16 48 10 
23 16 48 9 
23 16 48 8 
23 16 47 8 
23 16 47 9 
23 16 47 10 
23 16 47 11 
23 16 47 12 
23 16 48 12 

42 12 31 36 
42 12 31 35 
42 12 32 35 
42 12 32 34 
42 12 33 34 
42 12 33 35 
42 12 33 36 
42 12 32 36 
42 12 32 37 
42 12 31 37 
42 12 30 37 
42 12 30 36 
42 12 31 36 
42 12 31 35 
42 12 32 35 
42 12 32 34 
42 12 33 34 
42 12 33 35 
42 12 33 36 
42 12 32 36 
42 12 32 37 

48 32 38 2 
48 32 38 3 
48 32 38 4 
48 32 39 4 
48 32 40 4 
48 32 40 3 
48 32 39 3 
48 32 39 2 
48 32 39 1 
48 32 38 1 
48 32 38 2 
48 32 38 3 
48 32 38 4 
48 32 39 4 
48 32 40 4 
48 32 40 3 
48 32 39 3 
48 32 39 2 
48 32 39 1 
48 32 38 1 
48 32 38 2 

39 41 11 13 
39 41 10 13 
39 41 9 13 
39 41 9 14 
39 41 9 15 
39 41 10 15 
39 41 11 15 
39 41 12 15 
39 41 12 14 
39 41 12 13 
39 41 11 13 
39 41 10 13 
39 41 9 13 
39 41 9 14 
39 41 9 15 
39 41 10 15 
39 41 11 15 
39 41 12 15 
39 41 12 14 
39 41 12 13 
39 41 11 13 

39 6 21 3 
39 6 21 4 
39 6 22 4 
39 6 22 5 
39 6 23 5 
39 6 23 4 
39 6 23 3 
39 6 22 3 
39 6 22 2 
39 6 21 2 
39 6 21 3 
39 6 21 4 
39 6 22 4 
39 6 22 5 
39 6 23 5 
39 6 23 4 
39 6 23 3 
39 6 22 3 
39 6 22 2 
39 6 21 2 
39 6 21 3 

26 45 10 38 
26 45 9 38 
26 45 8 38 
26 45 8 39 
26 45 7 39 
26 45 7 38 
26 45 7 37 
26 45 8 37 
26 45 9 37 
26 45 10 37 
26 45 10 38 
26 45 9 38 
26 45 8 38 
26 45 8 39 
26 45 7 39 
26 45 7 38 
26 45 7 37 
26 45 8 37 
26 45 9 37 
26 45 10 37 
26 45 10 38 

43 31 42 36 
43 31 43 36 
43 31 43 37 
43 31 44 37 
43 31 44 38 
43 31 43 38 
43 31 42 38 
43 31 42 37 
43 31 41 37 
43 31 41 36 
43 31 41 35 
43 31 42 35 
43 31 42 36 
43 31 43 36 
43 31 43 37 
43 31 44 37 
43 31 44 38 
43 31 43 38 
43 31 42 38 
43 31 42 37 
43 31 41 37 